1.60406
1.57489
1.65011
1.04709
0.963925
1.30431
1.71753
1.26485
1.16453
1.15677
1.48975
1.30428
1.30741
0.531023
0.567089
1.49574
1.36232
0.636066
0.99395
1.50511
1.60401
1.6722
1.39371
1.36834
1.21795
0.426002
1.60781
1.32677
1.61149
1.27609
1.08607
0.563959
0.485096
0.633522
1.34318
0.488781
1.0516
1.11568
1.71515
1.33063
1.17358
0.789722
1.18898
1.34871
1.5476
1.41039
1.22235
1.5041
1.29953
1.38202
1.87986
1.37426
1.80627
1.73996
1.10874
1.4348
1.30837
1.34355
1.30789
1.27517
1.68089
1.07221
1.59425
1.31109
1.11244
0.908467
1.20628
1.54954
1.35118
1.83685
1.54612
1.44247
1.04303
0.601134
1.23681
1.49402
0.955667
0.450904
1.33425
1.46194
1.30994
1.61983
1.49286
1.1711
0.667867
1.04909
1.27194
1.51843
1.55909
1.95753
1.44295
0.62374
0.68963
0.666329
1.41475
0.534852
1.27524
1.23747
1.90271
1.71956
1.52913
1.22309
0.971067
1.62528
1.48543
1.14604
1.24113
0.817302
1.58014
1.1852
1.34438
1.76809
1.39912
1.53326
1.38548
1.33252
1.46601
1.71497
1.51337
1.11636
1.20573
1.58104
1.35043
1.16001
1.63588
1.60838
1.46886
1.5069
1.44518
1.45026
1.65824
1.26353
1.44548
1.67136
1.18376
1.03901
1.30271
0.917885
1.38669
0.956947
1.09414
1.65507
1.537
1.16854
1.49628
0.783531
1.08754
1.35823
1.37125
1.04003
0.8438
0.473603
0.87721
0.512745
1.04518
0.588851
1.14444
1.25874
1.69626
1.5951
1.48782
1.9799
1.26519
1.33195
1.29648
1.25953
1.46505
1.44055
1.26284
1.64621
1.34283
1.3478
1.40791
1.07021
1.26139
1.30124
1.16359
1.03837
1.75563
1.40624
1.86158
0.991221
1.2879
1.39796
1.3943
1.47894
1.25061
1.17897
1.77181
1.09241
1.35444
1.36322
1.12512
1.693
1.45198
1.06484
1.24322
1.69508
1.15888
1.34623
1.16445
1.28778
1.2453
1.70728
1.00207
1.366
1.27307
1.34483
1.24537
0.421864
1.10585
1.10791
1.16544
0.413915
0.746796
0.691474
1.10315
1.21118
1.08998
1.68731
1.43672
1.21698
1.3825
1.49737
1.10246
1.53135
1.5202
1.67108
1.46392
1.3251
1.20619
1.07999
1.34402
1.06549
0.972084
1.00184
0.877226
1.39872
1.47295
1.26271
1.42964
1.44511
0.894729
1.13243
1.42378
1.28489
1.31974
1.43154
1.24876
1.48888
1.35144
0.983424
1.00741
1.32775
1.45881
1.25303
1.23183
1.26703
1.25499
1.29363
1.15436
1.3606
1.22348
1.52648
1.64364
1.40501
1.23745
1.35544
1.54066
0.61596
0.51866
0.498927
0.883494
0.80623
0.756643
0.582223
0.630193
1.25975
1.49783
1.84352
1.49612
1.36846
1.31824
1.08666
1.32556
1.15516
1.40775
1.34174
1.59275
1.27769
1.22873
1.05579
1.55178
1.36213
1.49704
1.62348
1.4228
1.25922
1.47303
1.31424
1.58263
1.49404
0.646891
0.466937
0.931606
1.20601
1.2868
1.18492
1.17434
1.36015
1.35174
1.54807
0.743749
0.881595
0.960161
1.38732
1.36349
1.22263
1.16468
0.969235
1.12263
0.976732
1.50841
1.50726
1.18305
1.44668
1.33772
1.18842
1.18396
0.675562
1.16727
1.49283
0.499506
0.791895
0.567307
0.519674
0.774626
1.27919
1.27496
1.15396
1.06491
1.27086
1.32159
1.54378
1.44342
1.54758
1.5769
1.50016
1.57215
1.68016
1.55988
0.655586
1.05663
0.736901
1.26277
1.56151
1.50367
1.59673
1.54191
1.63687
1.08446
1.66962
0.805382
0.565388
1.2862
1.59254
1.50891
1.3896
1.42014
1.58129
1.47864
1.57576
0.775067
0.476971
1.25245
1.91321
1.43557
1.26825
1.06094
1.05539
1.40808
0.609077
1.58514
1.571
1.13275
0.813855
1.58541
0.984136
1.80818
0.639598
0.830847
1.11158
1.22739
0.482589
0.637164
0.566947
0.672548
1.21648
1.22689
1.45589
1.55303
1.52937
1.159
1.81228
1.58072
1.86222
1.3818
1.3285
1.31952
1.29449
1.35406
1.50123
0.975521
1.34079
1.55633
1.52555
1.92745
1.21587
1.16554
1.2201
1.64993
1.63202
0.822677
0.632093
0.885356
1.13764
1.20412
1.16855
1.43414
1.36983
1.39325
1.49314
1.38968
1.21941
1.31569
1.26748
0.92036
1.32498
1.26245
1.30517
1.79134
1.27342
1.19077
1.43896
1.02815
1.49518
1.27154
1.21766
1.65187
0.445545
0.782337
1.21485
1.22025
0.797525
1.02124
0.795947
1.13077
1.36018
1.01802
1.48059
1.54008
0.935865
1.33094
1.80795
1.3419
1.24802
1.4357
1.27902
1.41803
0.449001
1.46666
1.52797
1.53735
0.652161
1.35417
1.55457
1.58052
1.27042
1.5845
1.39122
1.29516
1.40164
1.2168
1.37313
1.54765
1.58649
1.22897
0.969481
1.14828
1.61305
1.51761
1.22554
1.24779
1.5389
1.55473
1.20139
1.01398
1.18237
1.77226
1.4574
1.78127
1.37994
1.22857
1.51589
1.60034
1.48268
1.53972
1.50291
1.60124
1.31602
0.678267
1.00655
1.20689
1.42305
0.677782
0.55267
0.871649
1.10724
1.31617
1.64694
1.01008
1.46677
1.48343
1.27237
1.50827
1.29103
1.25452
1.45274
1.37747
1.60953
1.64834
1.4851
1.33757
0.999827
0.9498
0.927278
1.66084
1.22019
1.72043
1.34254
1.35177
1.34031
1.24588
1.35579
1.33874
1.01209
1.47554
0.899897
1.47475
1.6801
1.26237
0.907379
1.36308
1.70945
1.24299
1.28324
0.994009
1.39693
1.60218
1.18045
1.6858
1.38516
1.56069
1.45843
1.38942
1.51097
1.0792
1.40263
1.56763
1.39544
0.629193
1.16653
1.63299
1.41735
1.16367
0.85919
1.07771
1.03402
1.61088
1.25287
1.18893
1.77189
1.46861
1.51704
1.39634
1.40993
1.396
1.63492
1.4977
1.35091
1.33064
0.960207
0.933353
1.19996
0.549419
1.25428
1.35867
1.66961
0.982349
1.69717
1.26454
1.1345
1.55817
1.28377
1.75423
1.27452
1.81029
1.50729
1.54232
1.72684
1.47447
1.24609
1.71679
1.25069
1.64554
1.72475
0.872702
1.43702
1.48164
1.26137
1.64821
1.63184
1.46958
1.42807
1.66578
1.08366
1.31788
1.31342
1.54304
1.50417
1.55378
1.30299
1.42714
1.71259
1.36166
1.04097
1.38569
0.982275
1.17276
1.47484
1.3133
1.48879
1.2122
1.30665
1.51394
1.47082
0.95627
1.08762
1.60298
1.33017
1.05578
1.18471
0.678121
1.15104
0.405592
0.826857
1.35096
1.56366
1.41983
1.46741
1.46097
0.671563
1.60469
1.31248
1.45815
1.6481
1.31756
1.37693
1.60325
1.31814
1.5792
1.13069
1.60863
1.18719
1.41021
1.42483
1.31229
1.3477
1.26744
1.64464
1.47447
1.36447
1.19415
1.53879
1.87388
1.61257
1.80912
1.44701
1.45728
1.65266
1.72608
1.46034
1.07451
1.45603
1.55302
1.21383
1.04508
1.29294
1.30773
1.4222
1.38119
0.927124
1.12907
1.37192
1.53145
1.3568
1.4111
1.11114
1.29001
1.44848
1.67001
0.455842
0.737067
1.25542
1.57524
1.4901
1.29738
1.61168
1.32927
1.15298
1.40451
1.48249
1.10555
1.35127
1.34595
1.69359
1.25086
1.31491
1.86023
1.39177
1.50193
0.869459
1.56352
1.20582
1.06522
1.52122
1.29307
1.12044
1.3497
1.06937
0.875046
0.979557
1.6844
1.44202
1.2039
1.05526
1.64843
1.00756
1.1886
1.27586
1.44289
1.45063
1.39105
1.28455
0.8481
1.35676
1.43312
1.48433
1.18665
1.35936
1.44552
1.48465
1.46648
1.26923
1.30199
1.57921
1.05163
1.47852
1.47516
1.65822
1.18235
0.895014
0.646977
1.31963
1.42717
0.609365
1.28783
1.10978
1.40956
1.00178
0.611679
1.49001
1.50041
1.50965
1.36807
1.06402
0.661283
1.21818
1.2848
1.3159
1.20067
1.17055
1.59688
1.4387
1.60765
1.38457
1.16287
1.65397
1.22607
1.60958
0.912619
0.883781
1.36911
1.36413
1.53833
1.76032
1.59087
1.51881
1.13609
1.73711
1.27754
1.30947
0.602365
0.967877
0.536181
0.748567
1.60503
1.01537
1.53672
1.31246
1.34629
1.52899
1.3482
1.43236
1.44921
1.22894
1.33125
1.3498
1.39258
1.56657
1.43693
1.46121
1.34419
1.38786
1.32063
1.25726
0.945882
1.28425
1.05359
0.469449
0.964107
0.814053
1.16782
1.38739
1.6456
1.22696
1.45044
1.64837
1.53311
1.54922
1.4451
1.39515
1.45843
1.44995
0.83494
0.371078
0.661222
0.617351
1.00656
1.14326
1.24488
0.917034
1.23168
1.39149
1.47724
1.31842
1.84243
1.77803
1.4407
1.37134
0.794832
0.846094
0.333881
0.884117
1.22973
0.746687
1.39667
1.51195
1.47812
1.59582
1.35098
1.51976
1.38067
1.53016
1.37745
1.27849
1.58967
1.70635
1.40446
1.76764
1.20276
1.36929
1.20163
1.98539
1.27884
0.727244
0.776895
1.36006
1.13214
0.419146
0.722161
0.46446
1.58049
1.04061
1.60645
1.57323
1.19782
1.55381
1.43148
1.27861
1.25306
1.74848
1.34915
1.53212
0.539507
1.03025
0.751907
0.363033
1.5336
0.993495
0.831995
0.63083
1.3736
1.31921
1.37314
1.27795
1.4768
1.3764
1.22723
1.4023
1.06974
0.589965
0.602182
0.984581
1.36772
1.33305
0.579381
1.45818
1.05929
1.65185
1.24912
1.25037
1.50639
1.20939
1.37189
1.56979
1.59177
1.73371
1.07711
1.21309
1.48557
1.54766
1.45255
1.20213
1.20009
0.41327
0.439358
0.872977
1.04217
0.525611
1.35014
0.632943
1.07185
1.00398
1.24955
1.06036
1.48905
1.03081
0.763647
1.37266
1.3155
1.7729
1.21815
1.04257
0.656724
1.05625
0.715526
0.477266
0.603893
0.634583
1.43751
1.46648
1.54018
1.46174
1.30698
1.17769
1.48451
1.02449
1.31133
1.46387
1.63007
0.698983
0.648405
1.07927
1.39523
0.68528
0.800538
0.554123
1.44219
0.851707
1.41155
1.5154
1.40327
1.53134
1.48993
1.21259
1.39908
1.67931
1.42647
1.36925
1.18135
1.3753
1.53875
0.835927
1.41529
0.760484
0.372255
0.736277
0.90682
0.6029
0.738232
0.678566
0.49605
0.84943
1.2476
1.43593
0.652014
0.753911
1.58417
0.792622
0.491614
0.753861
1.26148
0.625469
0.441717
0.709537
0.668849
1.04513
1.40898
1.42865
1.28648
1.50691
1.10104
1.49107
1.34122
1.73194
1.2476
0.913635
1.1905
0.785103
0.453696
1.27126
0.474689
0.700241
0.611655
0.626106
0.539122
0.479562
0.767624
0.733902
0.419034
0.668806
1.35932
1.39365
1.29767
1.23775
1.58484
1.45128
1.89318
1.36447
1.43919
0.969
1.09609
0.519441
0.72914
0.428111
0.730247
0.730555
0.526473
0.637736
0.341215
0.591547
0.82583
0.569157
0.412226
0.787602
0.577341
0.403396
0.5298
0.377968
0.365688
1.49741
0.675189
0.280935
0.799531
0.464151
0.463738
0.835667
1.27526
1.46919
1.25963
1.2405
1.50521
1.59458
1.53913
1.41426
1.27113
1.49452
1.44759
1.12894
0.481596
0.588732
0.607307
0.287086
0.85362
0.707325
0.492805
0.345442
0.420312
0.769736
0.716203
0.369437
0.723274
0.550278
0.917387
1.39807
1.2842
1.5887
0.855004
1.49318
1.07932
0.558268
0.791987
0.464902
0.528586
0.424577
0.502154
0.489821
0.538468
0.334114
0.558494
0.544479
0.732299
0.401532
0.579252
0.60555
0.655656
0.532576
0.52261
0.516978
0.529716
0.760686
0.600759
0.564434
0.492126
1.16604
0.476527
0.727839
1.14462
1.11109
1.10342
1.68248
1.3365
1.01564
0.763684
1.20116
1.29929
1.70612
1.33729
1.14865
1.10335
0.457448
0.569052
0.789113
0.567698
0.653542
0.295121
0.608758
0.493407
0.581216
0.736501
0.724678
0.531749
0.72198
0.512621
0.931408
0.94092
1.79431
1.3275
1.38446
1.09987
0.986678
1.16061
0.355022
0.40571
0.444408
0.63607
0.964435
0.662303
0.669806
0.540626
0.425597
0.573798
0.696471
0.931763
0.543075
0.492248
0.462836
0.367363
0.567482
0.536959
0.62962
0.600101
0.763693
1.06119
0.711589
0.767647
0.797397
0.499947
1.22361
1.04801
1.36931
1.27338
1.4791
1.187
1.16927
1.04503
1.55945
0.772278
0.71924
0.703299
0.594195
0.597143
0.450178
0.498037
0.643577
0.59683
0.588903
0.590587
0.727153
0.664386
0.701947
0.558472
0.600154
0.475644
0.475813
1.27077
0.887071
1.30035
1.8644
1.0659
0.705517
0.489746
1.28035
0.493976
0.454061
0.727975
0.797181
0.312716
0.52491
0.390875
0.666398
0.408383
0.578927
0.217306
0.492378
0.574465
0.751414
0.598358
0.557524
0.679949
0.378222
0.808905
0.585179
0.583382
0.480004
1.10616
0.391215
0.447817
1.0014
1.46116
1.32207
1.5065
1.2174
0.97995
0.614083
0.597961
0.874784
0.65163
0.328244
0.760129
0.529738
0.572516
0.563065
0.479046
0.461714
0.525414
0.620048
0.583184
0.266421
0.304576
0.872246
0.313775
0.519387
0.982442
0.407412
0.950345
1.18189
1.23765
1.53439
0.726805
0.471087
0.469557
0.798976
0.496083
0.869595
0.537084
0.802419
0.546101
0.782152
0.709082
0.732672
0.421517
0.521484
0.541359
0.708377
0.447673
1.00019
0.895457
0.298796
0.370775
0.537227
0.729133
0.559684
0.601417
0.814843
0.67883
0.479758
0.718778
0.612886
0.67965
1.66085
1.61199
1.40962
1.33787
0.899553
0.463982
0.668964
0.427445
0.410075
0.36821
0.750256
0.562551
0.498616
0.451675
0.475116
0.509397
0.822722
0.491932
0.914478
0.792232
1.52245
1.21366
0.552766
0.590296
0.350372
1.01301
1.38086
1.80199
1.61238
0.916313
0.523494
0.538235
0.679137
0.80871
0.50533
0.483143
0.733326
0.61043
0.533113
0.482458
0.630435
0.469382
0.735086
0.637288
0.423795
0.361025
0.481475
0.401798
0.344152
0.427588
0.63412
0.791843
0.430466
0.573087
0.875977
0.477125
0.50798
0.297536
0.478009
0.765911
1.4414
1.11707
1.36835
1.21515
1.574
0.51502
0.631649
0.704883
0.428088
0.389947
0.703294
0.5675
0.562513
0.800737
0.509584
0.814249
0.68814
0.38598
0.572953
0.911848
1.30677
1.23978
0.979631
0.374089
0.407993
0.738425
1.09326
1.66888
1.29304
0.443048
0.369782
0.419386
0.587574
0.45481
0.453121
0.458706
0.648879
0.52384
0.555343
0.273948
0.489511
0.362995
0.585578
0.794119
0.765033
1.17316
0.76546
0.545488
0.523016
0.655437
0.682203
0.486741
0.674517
0.576003
0.341391
0.543877
0.355853
0.728803
0.624657
0.646603
0.897201
1.52397
1.37953
1.48546
0.690145
0.554445
0.538034
0.565465
0.456929
0.668879
0.507578
0.615764
0.604998
1.17191
0.721367
0.669726
0.568751
0.754156
0.399006
1.25137
1.02902
1.17008
0.642152
0.821902
0.417282
0.467379
1.03733
1.36003
1.50636
0.424316
0.635909
0.647439
0.413912
0.579418
0.601981
0.683328
0.428157
0.546415
0.431882
0.459713
0.673352
1.28085
0.595247
0.843707
0.602027
0.832812
0.486867
0.381843
0.583885
0.30452
0.29281
0.440738
0.525969
0.478847
0.601659
0.67202
0.677173
1.41485
0.458549
0.502932
1.09444
1.26001
0.871437
1.06476
0.699014
0.319703
0.464335
0.523712
0.870023
1.28685
0.519648
0.340489
0.781016
1.11542
0.495984
0.498742
0.36234
1.03253
0.465245
0.603551
0.581839
0.578128
0.598707
0.910694
0.665114
0.484489
0.567487
0.604122
0.657685
0.570354
0.485972
0.403124
0.492263
0.667422
0.66587
0.43412
0.303675
0.423411
0.298112
0.583885
0.503003
0.993441
0.463032
0.414828
0.629661
0.437529
0.393228
0.45599
0.654535
0.413134
0.529532
0.881923
0.432295
0.657814
0.637155
0.793093
0.748121
1.44471
0.540312
0.597213
0.56033
0.794242
0.549081
0.699413
0.404973
0.567223
0.439806
0.359045
0.663532
1.01934
0.646562
0.552088
0.366352
1.60833
1.57468
0.663266
0.570983
0.844742
0.457698
1.47574
0.369567
0.457384
0.588572
0.627547
0.658018
0.424866
0.368397
0.543168
0.617951
0.544507
0.413867
0.45055
0.669772
0.930791
1.27284
0.85081
0.4303
0.586678
0.647981
1.22104
0.801589
0.407664
0.360671
0.585964
0.567316
0.40584
0.598523
0.445222
0.684119
0.653443
0.94267
0.651659
0.59001
1.18952
1.26301
1.4039
0.849576
1.54882
0.723397
0.524372
0.553091
0.713294
0.525927
0.628936
0.351575
0.456871
0.405516
0.519914
0.624621
1.28419
0.513782
0.688492
0.384382
0.647076
1.22063
0.516432
0.866341
0.932787
0.63295
0.503566
0.651598
1.25607
0.990373
1.19826
0.70976
0.5908
0.597401
0.621922
0.878868
0.364603
1.12674
1.06246
0.737422
1.19911
0.763659
0.311943
0.542292
0.706626
0.710416
0.72793
0.578007
0.459632
0.499864
0.928188
0.501824
0.342465
0.426101
0.563283
0.402022
0.676097
0.849497
0.783783
0.596999
1.32222
1.22838
1.02131
0.500466
1.19962
0.63834
0.954496
1.38686
0.363553
1.11927
0.49109
0.684017
0.767648
0.402578
0.25324
0.428681
0.831425
0.488002
0.506392
0.515233
0.643458
0.808466
1.03501
1.24809
1.20814
0.533796
0.641197
0.632157
0.975898
1.07054
0.657891
0.438605
0.408201
0.787087
0.633178
0.832852
0.539854
0.85123
0.694239
0.813665
0.557259
0.341505
0.739342
0.609995
0.386769
1.2572
0.490669
0.927017
0.544446
0.783641
0.675038
0.675346
0.590192
0.43205
0.720407
0.814003
0.624599
0.871697
0.509475
0.55006
0.808618
0.773144
0.594395
0.45692
0.547338
0.369455
0.641316
1.36147
1.07809
1.01791
1.01822
0.625673
0.656856
0.445518
0.880825
0.496301
0.914716
0.616439
0.521322
0.553909
0.473053
0.790405
0.550786
0.874756
0.386315
0.538637
0.621534
0.719355
1.09481
1.35596
0.891086
0.964896
0.635799
0.597773
0.56713
0.577709
0.646191
0.42466
0.832433
1.04
0.353962
0.719056
0.439769
0.505048
0.584444
0.449548
0.875972
0.943976
0.991213
1.37189
0.659737
0.893258
1.02327
1.25059
0.418375
0.696071
0.608749
0.595236
0.360889
0.460699
0.366219
0.380237
0.280499
0.481308
0.328147
0.355759
0.573575
1.54911
1.45173
1.20747
1.55986
0.652311
0.730856
0.67063
0.426011
0.606169
0.524263
0.566745
0.622495
0.564084
0.858196
0.597388
0.507731
0.98957
0.527178
1.25736
0.531494
0.543387
0.568494
0.923943
0.579636
0.718589
0.637872
0.638471
0.78733
0.561709
0.707283
0.487409
0.588258
0.459419
0.6901
0.514998
0.883906
0.557257
0.583146
0.526973
0.478662
0.654733
0.75068
1.48045
0.782869
0.676666
0.426664
0.791443
0.656587
1.49214
1.24206
1.11094
1.05689
0.611873
0.695993
0.579038
0.639136
0.359789
0.504471
0.318172
0.967632
1.325
1.53961
1.34121
0.472759
0.572809
1.20716
1.32764
1.42927
0.625859
1.02474
0.533164
0.426215
0.336886
0.546453
0.617174
0.55971
1.34661
1.38386
1.17066
0.674552
0.607157
0.440301
0.764546
0.365652
0.798675
0.83207
1.34065
0.47788
0.56999
0.634591
0.503792
0.36069
0.550396
0.491835
0.629499
0.68651
0.600341
0.438873
0.593151
0.747452
0.271208
0.751311
0.433937
0.461918
0.579368
0.429312
0.44372
0.363542
0.722938
1.53398
1.6357
1.26116
0.871745
0.587114
0.600688
0.65486
0.602346
1.3496
0.713228
1.21241
0.606709
0.730371
0.586715
0.729315
0.61604
1.21205
1.42567
1.70329
0.625059
0.771292
0.529611
0.590532
0.58979
0.34285
0.475216
0.524157
1.25448
0.494535
1.03209
1.06764
1.76188
0.699359
1.37367
0.697429
0.554355
0.4247
0.771141
0.565875
0.826635
0.642497
0.493441
0.611939
0.618752
0.694587
0.723076
0.477638
0.530282
0.431694
0.744015
0.805484
0.694076
0.888433
0.359804
0.332878
0.444736
0.696672
0.784607
0.352636
1.12923
0.938312
1.17151
1.3516
0.529306
0.430167
0.88861
0.721129
0.926216
0.594464
0.757147
0.919557
0.597617
0.834981
1.25209
1.14836
0.927847
1.55539
1.35302
1.49183
0.44563
0.557377
0.594028
0.663391
1.08735
0.799161
0.664027
1.01007
0.88325
1.00769
1.40913
1.29574
1.09387
0.517023
0.732578
0.725674
0.657444
0.636899
0.44734
0.491259
0.377689
0.518735
0.64523
0.871592
0.635351
0.633915
0.778813
0.628933
0.589398
0.626866
0.779811
0.394699
0.288592
0.574525
0.370061
0.394086
0.922766
0.949495
0.504995
0.491458
0.762377
1.16531
0.925566
0.819666
0.821085
0.520209
0.575669
0.455484
0.441408
0.335316
0.590282
0.461671
1.06779
1.55965
1.31659
1.29998
1.27929
1.5227
1.00329
1.44976
0.679069
0.543819
0.48899
0.420618
0.881889
0.502955
0.223279
0.565558
0.631515
1.35518
1.41787
1.53565
0.928793
1.08114
0.547167
0.411558
0.399725
0.507563
0.600416
0.452852
0.54205
0.462393
0.684007
0.769019
0.331987
1.00968
0.753552
0.651575
0.684535
0.845091
0.673535
0.684886
1.21281
0.622128
0.936405
0.797449
0.774617
1.02234
0.572086
0.539993
0.672543
0.670723
0.487635
0.749192
0.775153
0.537269
1.20971
1.48427
0.326325
0.57376
0.624966
1.08493
1.6149
1.47401
1.51589
1.47831
0.672689
1.66353
0.440702
0.815568
1.06863
0.486895
0.451587
0.723081
0.652474
0.384695
0.777528
0.403952
1.3354
1.46489
1.27881
1.59599
0.57907
1.01192
0.985662
0.64805
0.530652
1.06467
0.556802
1.2128
0.925167
0.532606
0.73923
0.830416
0.512902
0.793694
0.783767
0.409943
0.760677
0.848839
0.539424
1.03289
0.691829
0.688936
0.689722
1.07054
0.68586
0.820588
0.524901
0.365446
0.429743
0.689328
0.370519
0.386298
0.611095
0.971234
1.09901
0.576877
0.474717
0.613508
0.840483
1.57123
1.56087
0.979393
1.13574
1.5006
1.56741
1.21802
0.302782
0.953733
0.540578
0.478743
0.54243
0.419679
0.460907
0.737138
0.431361
0.648862
0.853144
1.01744
1.13207
1.5636
0.78476
1.75168
1.2286
0.587228
0.277929
0.891547
0.639219
0.934652
0.427973
0.406688
0.467162
0.797002
1.37672
0.67478
0.370561
0.673869
0.359661
0.454525
0.60716
0.569252
0.469545
0.565016
0.457155
0.746114
0.71512
0.335563
0.536462
0.710177
0.861981
0.700583
0.522565
0.598752
0.800545
0.815679
0.402433
0.511432
0.719968
0.846617
0.364447
1.28124
1.70394
1.82236
0.415278
1.18923
1.5053
0.955488
0.721698
1.28623
0.863555
0.522208
0.62027
0.456187
0.949352
0.462593
0.748999
0.599197
1.10072
0.540563
0.422786
0.433206
0.580119
0.972262
0.944234
0.670478
0.473258
0.960497
0.828538
0.334653
0.38618
0.438472
0.535274
0.684594
0.494762
0.481976
0.59878
0.534924
0.758548
0.655076
1.17138
0.876576
0.489527
0.781165
1.18229
0.516619
0.497342
0.338442
0.698006
0.344608
0.482437
0.616534
0.594576
0.726801
0.465688
0.55898
0.530627
0.598904
0.514018
0.321155
0.671084
0.578646
1.21626
1.24052
0.854253
1.42216
1.43044
0.575962
0.664302
1.17135
0.686489
0.545521
0.644306
0.636794
0.577954
0.728257
0.922678
0.41879
0.603043
0.373254
0.802824
0.505029
0.528714
0.564832
0.473755
0.605084
0.678185
0.666977
0.767948
0.50501
0.460544
0.352811
0.418559
0.694242
0.527215
0.660651
1.03031
0.587793
1.19438
0.407942
0.484806
0.502046
1.43405
1.04094
0.947771
0.518744
0.717112
0.601649
0.729456
0.328608
0.526146
0.626307
0.679729
0.488686
0.62967
0.84159
0.787037
0.71711
0.611559
0.526275
0.455543
0.853013
1.05076
0.535586
0.656583
0.65456
0.419902
0.708471
1.02264
1.44796
0.35703
1.55955
1.36992
0.886614
0.625193
0.626295
0.588297
0.795119
0.627284
0.508989
0.616515
0.436689
0.996393
0.62321
0.557843
0.30127
0.392845
0.662524
0.715241
0.538174
0.65817
0.493536
0.42237
0.60273
1.25924
0.509111
0.863675
0.788897
0.827661
0.636451
0.653012
0.628989
0.862629
0.583454
1.05513
0.436814
0.765648
0.428607
0.517591
0.396364
0.461693
0.72133
1.35827
0.472302
0.593732
1.07546
0.514834
0.920581
0.584819
0.603842
0.62752
0.44422
0.543284
0.492775
0.532023
0.438085
0.713752
0.663868
1.36995
1.47933
0.858988
1.30198
1.72802
0.454356
0.630581
0.750807
0.289915
1.14877
0.945564
0.508629
0.881464
0.716702
0.369749
0.346934
0.674763
0.778438
0.302578
0.664518
0.705661
0.826452
0.601863
0.477155
0.670144
1.20609
0.918865
0.424276
0.440185
0.763009
0.270824
0.55397
0.649768
0.703955
0.359334
0.427244
0.409719
0.67877
0.938722
0.688781
0.847322
0.950395
0.761189
0.790472
1.31127
1.05019
1.30648
1.05754
1.33957
0.957879
0.781233
1.07804
0.954378
0.41172
0.541232
0.642147
0.703808
0.613855
1.19655
0.642964
1.6132
1.08223
1.28475
0.918586
1.17267
1.07887
1.14366
0.451664
0.469093
0.65057
0.701106
0.41155
0.615139
1.00414
0.543106
0.492498
0.496087
0.7928
0.471414
0.583789
0.705695
0.950992
0.881795
0.510172
0.592699
1.03834
0.455033
0.460081
0.488155
0.726625
0.500259
0.566246
0.471655
0.533259
0.913933
0.457608
0.550553
0.663262
0.893172
0.921811
0.935283
0.808355
1.09
1.13891
1.12962
1.43017
1.51498
1.37916
1.08866
1.48352
0.843925
0.866557
0.514868
0.566277
0.590184
0.551835
0.448015
0.99328
1.16407
0.480896
0.827546
1.32774
1.47286
1.20031
1.35677
1.24786
1.31859
0.793345
0.644839
1.48033
1.47298
0.937183
0.68143
0.371566
0.499437
0.323265
0.801862
0.398586
0.792695
0.552226
0.642055
0.788909
0.639016
0.634539
0.575958
0.500117
0.644497
1.30637
0.903799
1.02863
0.473009
0.613652
0.595546
0.575278
0.55158
0.553881
0.484868
0.657056
0.512515
0.969651
1.37196
0.691821
1.07684
1.56518
1.39746
1.22859
1.27716
1.25305
1.19413
1.42261
0.511835
0.4949
0.838658
0.595669
0.362597
0.35722
1.07735
0.454359
0.796542
1.07856
0.502559
0.453244
0.616127
1.66518
1.55861
0.901149
1.57414
1.10859
0.628761
1.30765
1.33277
0.990738
0.930615
1.25197
0.851205
0.714329
0.503206
0.548034
0.276257
0.57073
0.99278
0.487115
0.534562
1.00059
0.481861
0.333208
1.02113
1.27032
1.77232
1.26191
0.805435
0.498624
0.683286
0.489337
0.554687
0.452748
0.618357
0.900151
0.625265
0.941135
0.788266
1.50866
2.13144
1.80315
0.915535
1.74162
1.76413
1.47826
1.27149
1.51171
0.887767
0.546964
1.22064
0.603431
0.616686
0.455605
0.649137
0.687957
0.653538
0.579425
0.466995
0.501869
1.67587
1.51368
1.19737
1.44762
1.54802
1.51727
1.35472
1.62563
1.46653
1.03554
0.557148
0.453186
0.881378
0.703786
1.23141
0.648083
0.399568
0.528505
0.472171
0.977267
0.918191
0.758099
0.570981
0.619687
1.14537
1.62612
1.32357
1.06619
1.0334
0.37821
0.278085
0.427132
0.572695
0.370687
0.331547
0.470991
0.713843
0.455764
0.452207
1.32707
1.75797
1.64194
1.61527
1.54071
1.31161
1.46261
1.37596
1.03845
0.841852
0.880752
1.47139
1.02287
1.06057
1.16436
1.31288
0.977221
0.597638
0.613945
1.28007
1.06143
1.55104
1.87226
1.19316
1.10273
1.43603
1.41773
0.954383
1.32136
1.40269
0.902493
1.09637
0.537597
0.627054
0.650562
0.832426
0.844444
0.752278
0.748442
0.492202
0.43466
0.729222
0.517304
0.415091
0.98127
1.55385
1.19676
0.872119
0.606249
1.14836
0.729039
0.737746
0.674458
0.606478
0.266909
0.406095
0.635334
1.06328
0.473853
1.11656
1.18369
1.61499
1.1656
1.07055
1.53998
1.2836
1.30228
1.74418
1.35976
1.69065
1.41795
1.27775
1.43755
1.5379
1.92714
1.56878
1.70605
1.46704
1.25314
1.48714
1.07795
1.01374
1.16429
1.26734
1.48819
1.42723
1.37021
0.781062
1.05193
0.576567
0.493229
0.496023
0.592184
0.372084
0.439444
0.544791
0.361872
0.54862
0.787225
0.556904
0.739752
0.446843
0.541777
0.463659
0.660178
1.34325
1.25134
1.08577
0.639691
1.29935
0.903337
0.607364
1.01648
1.01919
0.762051
0.351853
0.98318
0.541287
0.402081
0.512374
1.30691
1.37548
0.682712
1.29314
1.33546
1.4772
1.178
1.4102
1.61435
1.10162
1.45993
1.23263
1.084
1.39633
1.06316
1.45226
1.51931
1.65325
1.59226
1.12743
1.25398
1.26693
1.82194
1.58663
1.2784
1.25001
1.32357
0.592241
0.693958
0.611111
0.51035
0.702835
0.861778
0.706192
0.451095
0.555397
0.452519
0.462046
0.767375
0.698263
0.623131
0.583155
0.439278
1.04582
0.712927
0.655619
0.595088
0.513812
0.655166
1.29005
0.425341
0.915843
0.889565
0.58932
1.0112
0.851608
0.677382
0.69016
1.39024
1.09673
1.3819
1.43054
0.86309
1.4438
1.36988
1.45124
1.3889
1.34231
1.28177
1.32972
1.49674
1.32888
1.25383
1.29847
1.12706
1.41354
1.04532
1.36652
1.02673
1.27972
1.39862
1.78948
1.20392
1.63283
1.54951
1.52377
0.592824
0.805003
0.938228
0.298772
0.479634
0.530907
0.471856
0.485663
0.712143
0.875039
0.515959
0.79418
1.08595
0.688187
0.429862
0.729076
0.530055
0.435971
0.579041
0.596481
0.70488
1.13289
0.490842
1.0784
1.14513
0.735122
0.891668
1.43338
1.61159
0.92998
0.520482
0.898846
1.2071
1.33608
1.36201
1.26614
1.24715
1.26529
1.25246
1.53676
1.10215
1.51219
1.26192
1.66233
1.34276
1.2654
1.44206
1.21068
1.22664
1.25576
1.40762
1.6809
1.32009
1.15487
1.57928
1.45107
1.24045
1.0059
1.43039
1.29608
0.764849
0.552253
0.759855
0.874533
1.33909
0.51038
0.611506
0.269128
0.613222
0.43091
0.774897
0.880321
0.616834
0.628518
0.376843
0.348575
0.377038
0.471726
0.494901
0.578977
0.744555
0.428184
0.267167
0.311222
0.594253
0.478388
0.535627
1.28417
1.21465
1.11348
1.35244
1.50285
1.62686
1.39021
1.5388
1.4595
1.44493
1.44952
1.74705
1.59073
1.24943
1.06584
1.36337
1.48015
1.29977
1.30755
0.822457
1.36256
1.46164
1.46744
1.76336
1.35425
1.31635
1.39035
1.13299
1.37146
1.33428
1.13019
1.3836
1.42097
0.536746
0.813028
0.749627
0.703549
0.605822
0.569774
0.710592
0.663319
0.530215
0.541382
0.640037
0.776624
0.576092
0.636253
0.423615
0.570303
0.456993
1.05025
0.602147
0.691945
0.78034
0.524144
0.53087
0.811069
1.07915
0.922464
0.410223
1.04022
1.20967
1.36458
1.57048
1.17865
1.37525
1.25328
1.11082
1.50006
1.61125
1.55945
1.41286
1.61954
1.54353
1.0588
1.13069
1.52907
1.20626
1.42682
1.0651
0.640496
1.39409
1.28334
1.43422
1.19379
1.43798
1.6785
0.907278
0.892601
0.717636
0.47927
1.41113
1.16219
0.540585
0.590202
0.47464
0.675745
0.556568
0.924912
0.610326
0.439697
0.311951
0.876775
0.647179
1.44188
0.648722
0.755997
0.722697
0.931818
0.624856
1.16571
1.45168
0.852917
0.809999
0.654348
0.617636
0.523337
0.4244
0.770028
0.417579
1.09636
1.18357
1.43634
1.62472
1.35291
1.45398
1.22084
1.61856
1.36498
1.44788
1.82389
1.34619
1.17521
1.60359
1.17882
1.17279
1.37813
1.3593
1.58033
1.49834
1.64508
1.32813
1.27373
0.810326
1.34777
1.44651
1.52424
1.40395
1.13778
1.06764
1.30296
1.44948
0.715066
0.533626
0.506001
0.893013
0.516003
0.50377
0.805645
0.613482
0.681054
0.315058
0.477261
0.797815
1.61839
1.87316
0.614382
0.853094
1.51301
1.02573
1.33452
1.34541
0.94669
1.68773
1.57212
1.57843
0.889591
0.689239
0.8127
1.58088
1.45004
1.26799
1.2923
1.52204
1.12178
1.71938
1.28663
1.18537
1.4428
1.37976
1.20468
1.30662
0.643586
0.932065
0.913184
0.602644
1.4125
1.19218
1.67727
1.37889
1.64959
1.64401
1.29003
1.22372
1.29555
1.38319
1.55199
1.04595
1.71388
1.57934
1.61807
1.25262
1.23725
0.744531
0.746794
0.435061
0.596215
0.92346
1.25456
0.468539
0.653496
0.472514
0.364316
0.749233
1.33011
1.28995
1.82935
1.39895
0.947096
1.37425
1.17686
1.25013
1.44648
1.33502
0.861023
1.4203
0.495895
0.787502
1.34937
1.52031
1.63396
1.21663
1.41147
1.55006
1.63847
1.46881
1.83435
1.64436
1.44824
1.61462
1.83649
1.14164
1.0107
0.778181
1.13159
1.22629
1.76355
1.51455
1.09274
1.34293
1.31342
1.27141
1.2831
1.46066
1.37839
1.48801
0.986987
1.3654
1.1808
1.43789
1.36678
1.59606
1.48791
0.627772
0.688158
0.718303
1.37511
1.4465
1.8609
0.735858
0.74392
0.397786
0.510953
0.506344
1.21048
1.37898
1.34584
1.41171
1.55951
0.943114
0.848445
1.38867
1.47536
1.21976
1.40103
1.33467
1.06623
1.16217
1.2709
1.40904
1.39959
1.48966
1.35408
1.58404
1.38569
1.54923
1.49174
1.30842
0.856151
1.15364
1.59657
1.29541
1.34164
1.29956
1.94449
1.29525
1.2687
1.06214
0.579648
1.27195
1.31571
1.33552
1.50142
1.86387
1.27325
1.49073
1.42515
1.41352
1.2829
1.43733
1.37184
1.49669
1.44192
1.19111
0.524785
0.368993
0.65851
1.20512
1.09617
0.808813
0.508742
0.581058
0.55863
0.607516
1.14811
1.47054
1.41302
1.65803
1.33584
1.55334
1.44997
1.48731
1.55335
1.33962
1.05882
1.15596
1.2331
1.12178
1.22341
1.60588
1.17576
1.27935
1.39348
1.22797
1.82254
1.04247
1.49537
1.65187
1.44584
1.3779
1.49608
1.33025
1.68439
1.21932
1.61918
1.39364
1.30679
1.39435
1.4229
1.5674
1.25313
1.51861
1.42552
1.21874
1.28502
1.54197
1.62396
1.4876
1.34978
1.49334
1.55013
1.29983
2.03018
1.00515
0.397631
0.301636
0.872766
0.748496
0.906241
0.875404
0.698286
0.490427
0.362704
0.462026
0.572908
1.38747
1.31234
1.49513
1.45202
1.42819
1.82364
1.57211
1.64243
1.49695
1.33656
1.27841
1.32765
1.53191
1.46248
1.3504
1.0494
1.03032
1.48106
1.17139
1.28319
1.48257
1.5698
1.29535
1.35743
1.28355
1.81463
1.75089
1.62385
1.67733
1.34242
1.51866
1.71391
1.18597
1.21019
1.10055
1.59642
0.736371
1.34652
1.64441
1.21465
1.25343
1.21688
1.39994
1.31672
0.910773
1.36316
1.19726
0.696535
1.75558
0.925301
0.496899
0.824811
1.43391
1.20667
1.10513
1.2315
0.70672
1.05945
0.73301
0.649843
1.27085
1.45904
1.27764
1.37939
1.65798
1.58264
1.29182
1.5899
1.33271
1.36537
1.24583
1.13322
1.61511
1.34963
1.3741
1.64195
1.41802
0.776474
1.45612
1.56863
1.83267
1.63718
1.44299
1.60929
1.29446
1.57265
1.57919
1.26683
1.63989
1.66298
1.34489
1.81315
1.2081
1.16275
1.2685
1.76543
1.49246
1.48548
1.57968
1.45842
1.34561
1.25582
1.62869
1.48026
0.655182
1.01513
1.42293
1.16376
1.61461
0.673862
0.684276
1.59647
1.4957
1.25658
1.3692
1.29412
1.15369
1.34072
1.27159
0.914554
1.4602
1.25432
1.29047
1.25676
1.78389
1.59252
1.49155
1.50416
0.646332
1.38156
1.28483
1.21119
1.49174
0.921075
1.7169
1.05259
1.56618
1.1847
1.1745
1.32223
0.53649
0.553825
1.68625
1.31426
1.26878
1.71303
1.08688
0.549621
0.544436
1.2905
1.7553
1.05901
1.45859
0.980101
1.24714
1.63234
1.30702
1.4166
1.28881
1.50923
1.4596
1.58907
1.78344
1.47817
0.867723
0.719621
0.820113
0.779929
1.25769
0.743984
0.590275
1.48578
1.40715
1.37662
0.47635
1.36927
1.60728
1.31164
1.4053
1.44142
1.70316
1.41791
0.886855
1.52947
1.47928
1.76321
1.36348
1.29082
1.06854
1.30499
1.54642
1.4517
1.46367
0.966581
