1.57924
1.53213
1.40668
0.907181
0.831048
1.38655
1.44561
1.34977
1.27353
1.1772
1.56038
1.33243
1.18766
0.430225
0.501887
1.52926
1.34459
0.457919
0.684403
1.3797
1.45778
1.50331
1.23219
1.5401
1.21396
0.583244
1.45785
2.05967
1.38778
1.66978
0.658642
0.443012
0.452419
0.552525
1.27152
0.455082
1.03494
1.1331
1.21156
1.55096
1.20412
1.15477
1.31916
1.43193
1.43549
1.45707
1.41751
1.46018
1.6741
1.31204
1.4356
1.40859
1.09786
1.39083
1.293
1.53934
1.34095
1.42466
1.16763
1.12736
1.48234
1.27789
1.60057
1.30676
1.18423
0.914733
1.24514
1.10052
1.48615
1.24555
1.63871
1.61185
1.12151
0.58789
1.37861
1.80663
1.02104
0.542295
1.25546
1.64393
1.57415
1.49459
1.68119
1.31582
0.851306
1.12322
1.28183
1.58413
1.87067
1.3252
1.33653
0.466104
0.426245
0.491544
1.2122
0.559228
1.43633
1.38621
1.28993
1.55261
1.35248
1.46807
0.984441
2.03162
1.37761
1.19037
1.27367
0.836545
1.67232
1.24907
1.6289
1.35139
1.41761
1.36696
1.53023
1.41058
1.37703
1.39402
1.37537
1.22659
1.17902
1.30523
1.24973
1.33187
1.34649
1.50897
1.4251
1.71056
1.713
1.56043
1.31844
1.56768
1.41757
1.38922
1.42533
0.907341
1.1297
0.858236
1.08918
1.02579
1.10304
1.54305
1.39565
1.06124
1.58813
0.770064
1.34146
1.5922
1.25798
1.10371
0.433687
0.649472
1.13061
0.442769
0.826961
0.686874
0.956636
1.30923
1.49909
1.8047
1.69747
1.3579
1.33466
1.4906
1.28244
1.28566
1.54931
1.42804
1.34377
1.34702
1.34923
1.568
1.57581
0.809978
1.24786
1.40699
0.985197
1.07514
1.74084
1.22203
1.51413
1.34753
1.4091
1.32633
1.61343
1.60832
1.32971
1.1803
1.34302
1.42489
1.35519
1.80769
1.17634
1.26365
1.46521
1.08606
1.38646
1.45578
1.43395
1.61356
1.25958
1.24957
1.20757
1.4398
1.01722
1.21157
1.25404
1.6686
1.26465
0.679356
0.977929
0.976373
1.09217
0.552277
0.577445
0.5957
1.19669
0.925429
1.0571
1.6316
1.59059
1.42138
1.21413
1.76394
1.21796
1.80892
1.68583
1.63297
1.69644
1.18982
1.3517
1.21563
1.37895
1.13402
0.924841
1.1861
0.985793
1.31719
1.38025
1.17978
1.44608
1.62927
1.05779
1.01963
1.51375
1.45216
1.34686
1.82312
1.47854
1.36802
1.23849
0.673379
0.701645
1.38521
1.8774
1.25988
1.50763
1.04591
1.47205
1.43437
0.815697
1.37878
1.2441
1.08706
1.28203
1.40058
1.30979
1.42494
1.25398
0.504772
0.425952
0.616487
0.536555
0.720949
0.888178
0.393838
0.663167
1.69683
1.33012
1.1855
1.20891
1.58506
1.18528
1.16115
1.17026
1.16398
1.32852
1.46451
1.71814
1.38297
1.18006
1.29839
1.56394
1.78543
1.5566
1.78582
1.55335
1.42814
1.30357
1.56424
1.64105
1.38873
0.594855
0.553565
0.659221
1.38726
1.3002
1.2364
1.43388
1.28693
1.59228
1.53822
0.47497
0.725436
1.05555
1.36472
1.37582
1.34594
1.46251
0.941603
1.21971
1.05026
1.70858
1.45295
1.29972
1.41673
1.59602
1.49719
1.11919
0.621612
1.23902
1.19007
0.58604
0.579413
0.525232
0.482997
0.725249
0.993738
1.39423
1.17037
1.20206
1.34737
1.28587
1.48692
1.33583
1.63427
1.37418
1.46932
1.34025
1.31374
1.59173
0.585633
0.654897
0.875317
1.25937
1.6092
1.29781
1.6042
1.34254
1.3899
0.952252
1.20909
0.847618
0.3481
1.20927
1.42274
1.49212
1.715
1.36265
1.43202
1.3172
1.33887
0.511163
0.63407
1.10263
1.37692
1.42623
1.0809
1.05437
0.941243
1.18394
0.882028
1.30366
1.28373
1.47219
0.662034
1.33393
1.24834
1.40276
0.802247
0.613655
0.888892
1.20735
0.472713
0.481811
0.669884
0.61222
1.35685
1.34976
1.81958
1.57936
1.32819
1.17789
1.45979
1.63005
1.50639
1.2239
1.19043
1.46175
1.64462
1.80028
1.63324
0.80091
1.39002
1.4947
1.30672
1.51973
1.20516
1.46335
1.25163
1.4253
1.34518
0.926664
0.860017
0.953506
1.43024
1.17332
1.42052
1.81184
1.84659
1.29683
1.79069
1.57215
1.17585
1.52883
1.31503
1.2261
1.24421
1.6508
1.34527
1.27619
1.08767
1.4722
1.71577
1.27051
1.4782
1.4102
1.30442
1.43016
0.588957
0.766817
1.43901
1.1809
0.914892
0.889891
0.718888
1.19244
1.05344
0.9344
1.13749
1.67899
0.949239
1.67774
1.35841
1.48325
1.4467
1.39977
1.35985
1.19019
0.680204
1.23954
1.52702
1.21549
0.563783
1.2339
1.37011
1.67422
1.50763
1.53164
1.60771
1.54176
1.46904
1.11297
1.4465
1.83368
1.63131
1.35092
1.19491
1.19981
1.55676
1.36698
1.12626
1.22136
1.23264
1.3009
1.45077
0.821631
1.37453
1.43216
1.44227
1.31396
1.31378
1.09629
1.51167
1.70239
1.759
1.59274
1.65079
1.52092
1.30087
0.743085
0.898738
1.25811
1.4052
0.682614
0.616867
0.676486
1.02417
1.2754
1.49774
1.2887
1.44713
1.36711
1.51196
1.42206
1.32518
1.58232
1.62093
1.33961
1.88271
1.78685
1.5373
1.07257
0.717937
0.901869
0.986835
1.6783
1.53374
1.18325
1.34201
1.63674
1.64855
1.29969
1.31952
1.5343
1.33758
1.63769
0.857659
1.26218
1.35432
1.43893
1.0487
1.3648
1.47304
1.30184
1.58327
0.80642
1.75813
1.62084
1.40325
1.47192
1.5546
1.15279
1.50914
1.47291
1.50736
1.01659
1.43907
1.62288
1.37025
0.474442
1.07337
1.74537
1.3145
1.18128
0.73187
1.18755
1.09578
1.3281
1.40455
1.2848
1.55907
1.19012
1.51119
1.31484
1.13144
1.45045
1.44129
1.68697
1.27296
1.23234
1.00107
1.3591
1.24472
0.735449
1.54238
1.50953
1.84747
0.97756
1.52484
1.58811
1.33271
1.58138
1.49229
1.54635
1.26603
1.27304
1.65882
1.51483
1.47329
1.09677
1.43874
1.46098
1.7129
1.34002
1.56592
0.96757
1.42465
1.55839
1.31874
1.70272
1.40263
1.01305
1.41382
1.89542
1.12607
1.20511
1.40283
1.59055
1.60532
1.53664
1.77712
1.28136
1.20902
1.56138
0.931911
1.60561
0.814553
1.14391
1.32392
1.48513
1.49897
1.5411
1.30452
1.49356
1.46003
1.11044
1.26651
2.01425
1.63816
1.23154
1.31412
0.939776
1.21594
0.611098
0.777753
1.52066
1.4203
1.33457
1.68895
1.3633
0.603746
1.52749
1.14636
1.90314
1.27228
1.53418
1.39987
1.64611
1.31053
1.31162
1.13774
1.79733
1.63057
1.71696
1.60251
1.41829
1.56934
1.2072
1.49653
1.52085
1.34905
1.60907
1.43544
1.25657
1.37116
1.20674
1.61971
1.0924
1.54466
1.43923
1.55594
1.20537
1.58754
1.65017
1.10178
1.08248
1.73599
1.26702
1.65928
1.31716
1.12079
1.22946
1.30626
1.50302
1.37359
1.50672
1.41632
1.6226
1.3279
1.54953
0.599139
0.669643
1.5388
1.46994
1.59919
1.40925
1.70863
1.23781
1.11659
1.54624
1.41982
1.20294
1.6485
1.40041
1.30293
1.38714
1.56541
1.1804
1.53786
1.62445
1.04795
1.445
1.20401
1.01569
1.41554
1.38002
1.27385
1.07512
1.24606
0.960284
0.79452
1.38837
1.49059
1.16203
1.21439
1.31327
1.47636
1.12768
1.24932
1.41725
1.4958
1.38918
1.19668
0.794983
1.22067
1.3843
1.32036
1.1242
1.60215
1.30473
1.22047
1.38018
1.36963
1.02699
1.25448
1.04856
1.52598
1.2847
1.42085
1.1414
0.904051
0.580643
1.51978
1.30933
0.977197
1.15241
1.25325
1.31455
0.936152
0.631975
1.36723
1.57658
1.5542
1.30019
1.09352
0.942062
1.36518
1.3292
1.56451
1.44632
1.18918
1.56399
1.47119
1.57454
1.43414
1.33357
1.53679
1.49923
1.6396
1.19952
0.732349
1.44631
1.34205
1.48744
1.49567
1.55568
1.48507
1.05713
1.33994
1.55545
1.01601
0.552809
0.850237
0.678916
0.689234
1.54429
1.32131
1.59412
1.40212
1.19636
1.5748
1.69908
1.34583
1.45309
1.45977
1.41713
1.67053
1.49703
1.23803
1.53837
1.76492
1.2826
1.78744
1.46909
1.43067
1.03745
0.898039
0.974787
0.679485
0.857696
1.31788
1.14281
1.58451
1.454
1.25192
1.60448
1.78458
1.37413
1.58983
1.19698
2.01214
1.58941
1.50005
0.550707
0.612347
0.614703
0.700608
0.956606
1.11228
1.32157
0.894363
1.49422
1.15238
1.33056
1.3428
1.51223
1.47758
1.52827
1.58339
1.00982
0.552396
0.623898
0.745131
1.29734
0.569505
1.32282
1.7231
1.43706
1.63259
1.74847
1.2512
1.55266
1.48641
1.413
1.2514
1.4401
1.26041
1.48509
1.54383
1.31111
1.81803
1.50122
1.18702
1.22157
0.860874
0.888918
1.70423
0.987102
0.680944
0.612312
0.336508
1.26423
0.999243
1.62708
1.29907
1.33663
1.45331
1.81575
1.29393
1.53468
1.33097
1.14048
1.43268
0.637909
1.38581
0.519774
0.427733
1.34421
0.678759
1.02095
0.487813
1.19342
1.51253
1.18304
1.4192
1.51511
1.47806
1.59903
1.49956
1.08093
0.770346
0.558292
1.02241
1.11374
1.38476
0.787977
1.45186
1.06906
1.45058
1.26663
1.3112
1.48651
1.17712
1.76952
1.8755
1.56662
1.41121
1.335
1.21123
1.70505
1.41754
1.37874
1.6682
1.357
0.738906
0.408955
0.745341
1.02814
0.38284
1.55888
0.724932
1.13872
1.20328
1.29453
1.05371
1.51697
1.04399
0.743337
1.4869
1.1114
1.44364
1.47407
1.28891
0.439099
0.785933
0.396761
0.663376
0.523916
0.7494
1.55617
1.54561
1.42664
1.55281
1.3517
1.56952
1.66341
1.09695
1.06148
1.20238
1.62217
0.64035
0.461769
0.906354
1.3844
0.689361
0.729682
0.708925
1.35406
0.899094
1.20701
1.78074
1.58706
1.33394
1.56629
1.07838
1.5396
1.2936
1.40365
1.50011
1.0538
1.42293
1.70023
0.829809
1.36551
0.699532
0.443118
0.809829
0.906239
0.592107
0.666802
0.619597
0.522689
0.707733
1.53927
1.33207
0.515242
0.776614
1.18089
0.714418
0.613918
0.504482
1.08254
0.416476
0.688287
0.539597
0.442698
1.01289
1.59982
1.35368
1.15059
1.31522
1.3749
1.32976
1.30588
1.50868
1.43093
0.985512
1.5042
0.858902
0.687219
1.17725
0.841474
0.63173
0.645372
0.595249
0.319318
0.337608
0.609548
0.836669
0.617729
0.713712
1.40038
1.49287
1.12598
1.11165
1.80952
1.25475
1.43831
1.41444
1.47772
1.11292
0.944815
0.463231
0.720107
0.358063
0.79826
0.616342
0.484274
0.553799
0.366801
0.572871
0.910926
0.36513
0.497016
0.526836
0.336763
0.687431
0.711936
0.466089
0.589621
1.48335
0.457959
0.533368
0.536076
0.442277
0.738422
0.780467
1.26311
1.35132
1.27937
1.60413
1.35533
1.51598
1.32496
1.40829
1.34416
1.4367
1.64705
1.15027
0.474286
0.68531
0.742935
0.590138
0.879585
0.440287
0.639977
0.786379
0.540128
0.658317
0.834899
0.738684
0.921955
0.498397
0.791495
1.69874
1.33621
1.47212
0.691064
1.32417
1.03364
0.534068
0.649509
0.690044
0.289003
0.542679
0.539949
0.640937
0.463064
0.415046
0.425603
0.39267
0.584025
0.585134
0.552566
0.399568
0.563898
0.476128
0.492459
0.700587
0.468251
0.784651
0.509582
0.678397
0.675885
1.04509
0.389907
0.641585
1.19045
0.91502
1.14929
1.38724
1.57859
1.0642
0.645327
1.41925
1.3708
1.50296
1.04089
1.4932
1.21325
0.487733
0.625668
0.535653
0.518331
0.486612
0.681274
0.526397
0.538761
0.50245
0.818015
0.536673
0.493844
0.571192
0.544836
0.81665
0.864236
1.51667
1.442
1.35474
1.55441
1.21655
1.34742
0.655175
0.513391
0.365312
0.693151
0.708118
0.412413
0.363798
0.392458
0.626258
0.705605
0.628606
0.568513
0.368818
0.647361
0.558251
0.439546
0.819724
0.822668
0.563119
0.390975
0.700083
0.759037
0.54614
0.426516
0.681746
0.917481
1.45139
1.01699
1.29793
1.4103
1.54892
1.13714
1.35216
0.733935
1.60659
0.96015
0.580531
0.633981
0.345765
0.47605
0.534506
0.489677
1.00562
0.488276
0.731886
0.731781
0.847318
0.590625
0.739522
0.50628
0.655307
0.618138
0.610151
1.48266
1.05869
1.35138
1.40213
0.86556
0.56383
0.475777
1.0292
0.694063
0.556958
0.612784
0.55601
0.51614
0.530072
0.341874
0.454595
0.234211
0.413861
0.649646
0.501581
0.436314
0.647649
0.631063
0.49504
0.618259
0.391469
0.784022
0.484537
0.303844
0.652304
0.838288
0.475006
0.474458
1.21558
1.3711
1.35532
1.37041
1.25498
0.880182
0.47572
0.408764
1.20532
0.516745
0.516052
0.587915
0.471905
0.795695
0.737467
0.260827
0.366315
0.430668
0.626364
0.640384
0.796178
0.626318
0.579909
0.591119
0.473666
1.19059
0.354532
0.955839
1.21683
1.42203
1.24122
0.608579
0.544837
0.305423
0.837915
0.651471
0.712615
0.309429
0.834057
0.624692
0.637549
0.55993
0.547424
0.536986
0.575301
0.843904
0.530263
0.507926
1.11306
1.00481
0.410508
0.396252
0.622939
0.761487
0.429434
0.5915
0.61354
0.793061
0.573965
0.540153
0.426743
0.608703
1.33805
1.60995
1.70503
1.435
0.835778
0.352518
0.723981
0.588409
0.407252
0.422258
0.428625
0.515214
0.481522
0.696697
0.376172
0.376377
0.66779
0.544499
0.968881
0.829485
1.69906
1.18905
0.37111
0.57231
0.703238
1.22772
1.43948
1.63567
1.38632
0.799644
0.558837
0.429549
0.652279
0.698355
0.493849
0.602078
0.594567
0.628875
0.277664
0.594343
0.739614
0.497109
0.608969
0.526638
0.358226
0.461539
0.447386
0.413549
0.589016
0.381137
0.573809
0.974812
0.506477
0.781038
0.795587
0.415306
0.48252
0.606852
0.415108
0.821102
1.52326
1.12648
1.27807
1.57288
1.42378
0.308643
0.369885
0.478915
0.762797
0.684807
0.695846
0.503866
0.377515
0.462382
0.537453
0.741494
0.814407
0.464434
0.457406
0.948309
1.44938
1.00787
1.07652
0.444
0.660497
0.956163
0.881486
1.22113
1.40936
0.398274
0.866437
0.369297
0.654079
0.663093
0.43854
0.418605
0.298939
0.554007
0.307777
0.735436
0.399656
0.558602
0.383502
0.697251
0.853334
1.20463
0.838625
0.668948
0.518072
0.379352
0.617506
0.627041
0.741272
0.396874
0.62262
0.611271
0.641741
0.63871
0.731677
0.725711
0.876684
1.40165
1.13039
1.45995
0.72783
0.394801
0.30617
0.487488
0.591402
0.78243
0.301433
0.420908
0.744087
0.827501
0.684053
0.682946
0.577222
0.773196
0.607019
1.18934
1.03056
1.02186
0.412778
0.980021
0.367662
0.368342
1.04104
1.38699
1.15726
0.425805
0.636106
0.592543
0.374866
0.598932
0.490534
0.644983
0.728164
0.451326
0.580179
0.38628
0.499974
1.1576
0.629591
0.680375
0.723636
0.606025
0.481897
0.291586
0.458591
0.681914
0.729918
0.443319
0.596144
0.559828
0.609432
0.82211
0.707249
1.26254
0.440132
0.395588
1.42938
1.13851
1.07743
0.800176
0.582873
0.507453
0.577056
0.549139
0.984014
1.59522
0.737024
0.554894
0.538399
1.14395
0.576508
0.555957
0.645847
1.0175
0.820409
0.742879
0.571641
0.898071
0.350802
0.892008
0.693303
0.514292
0.363023
0.485755
0.757193
0.733374
0.644354
0.514359
0.50516
0.695052
0.387706
0.532832
0.690365
0.531758
0.75929
0.724292
0.94181
0.898584
0.41239
0.731961
0.609082
0.370126
0.705252
0.612175
0.839756
0.828028
0.363024
0.669609
0.628299
0.574131
0.477623
0.659487
1.05876
1.19631
0.617489
0.598305
0.612082
0.942798
0.612087
0.418661
0.354955
0.314449
0.792177
0.584065
0.562679
0.798289
0.495614
0.509498
0.417495
1.37158
1.2965
0.718711
0.368198
0.837921
0.579109
1.19079
0.632048
0.865543
0.414658
0.493485
0.437369
0.762699
0.489229
0.625137
0.649322
0.562132
0.492661
0.385413
0.764696
0.858628
1.10436
0.63993
0.468624
0.270975
0.388223
1.11606
0.675831
0.333981
0.562494
0.443119
0.551145
0.400929
0.671063
0.708111
0.66077
0.691507
0.968058
0.522297
0.552888
1.10886
1.23942
1.84902
0.971949
1.27716
0.795924
0.417584
0.387491
0.509704
0.526782
0.685412
0.54409
0.489819
0.471083
0.553253
0.564124
1.30639
0.671182
0.685391
0.537453
0.476511
1.33057
0.446458
1.08129
0.698022
0.45903
0.317757
0.674415
1.00071
0.861893
1.01746
0.571474
0.37798
0.666479
0.541607
0.962086
0.51587
1.42861
1.09367
0.959496
1.35016
0.5674
0.693558
0.860467
0.629956
0.62226
0.745257
0.478805
0.675824
0.526434
0.601769
0.493975
0.678738
0.631789
0.441876
0.638181
0.574662
0.931565
0.360117
0.508993
1.24075
1.19788
1.08163
0.313387
1.33201
0.759661
0.803667
1.33661
1.01568
1.07867
0.646551
0.575499
0.489304
0.468007
0.725577
0.454794
0.53031
0.602097
0.337636
0.555159
0.537445
0.868409
0.941973
1.17885
1.29528
0.509335
0.394708
0.451952
1.08042
1.03807
0.817839
0.557739
0.710163
0.477735
0.561594
0.740215
0.587151
0.72983
0.7097
0.7293
0.576652
0.606334
0.89867
0.365012
0.478581
1.16043
0.686525
0.947701
0.678175
0.687854
0.738052
0.669356
0.745484
0.693032
0.679464
0.896641
0.44257
1.05126
0.721769
0.574388
0.830713
0.851275
0.69656
0.373161
0.750574
0.708536
0.696274
1.41601
1.12715
0.639988
1.02392
0.551317
0.562118
0.528999
1.39556
0.429367
0.88747
0.74972
0.370437
0.402427
0.662305
1.06641
0.427296
0.645384
0.958879
0.358397
0.770703
0.661259
0.934465
1.17227
0.49442
0.621907
0.474365
0.647448
0.549679
0.656462
0.410087
0.436752
0.866569
1.27466
0.453357
0.537567
0.698235
0.618825
0.770249
0.498273
0.69731
0.768789
0.923464
1.38014
0.619365
0.939481
0.98885
1.12091
0.410319
0.688242
0.621988
0.454349
0.61108
0.421333
0.405671
0.658299
0.666425
0.438976
0.53462
0.434678
0.510407
1.60362
1.3249
1.20801
1.33958
0.740871
0.90381
0.598465
0.484596
0.393446
0.319876
0.568753
0.342778
0.618472
0.737009
0.446603
0.343488
1.00189
1.11402
1.41832
0.434945
0.577643
0.541495
0.898635
0.737139
0.786768
0.396045
0.553967
0.769493
0.373706
0.744972
0.375282
0.45815
0.562223
0.739586
0.844269
0.493385
0.791287
0.538154
0.800561
0.37989
0.761385
0.565436
1.54509
0.736786
0.824988
0.391371
0.617221
0.798231
1.3278
1.17938
1.31339
0.786388
0.470019
0.528994
0.458015
0.685822
0.613656
0.576687
0.818386
1.19352
1.41465
1.36328
1.54641
0.700866
0.557076
1.24439
1.47507
1.06279
0.509801
0.998345
0.59795
0.527017
0.530162
0.56795
0.641047
0.565777
1.26811
1.65495
0.994745
0.637211
0.528125
0.704212
0.894624
0.576091
0.625459
0.608157
1.30267
0.758833
0.644065
0.64206
0.466927
0.41762
0.473114
0.654398
0.495242
0.842448
0.490529
0.486516
0.413641
0.669791
0.470281
0.667129
0.681317
0.462753
0.500996
0.588529
0.697732
0.610391
0.514501
1.57107
1.88297
1.35543
0.495242
0.423782
0.529399
0.536217
0.808337
1.25517
0.984474
1.10962
0.672305
0.793943
0.543436
0.596797
0.636539
1.24003
1.58056
1.43906
0.54378
0.658131
0.483604
0.662951
0.646771
0.683608
0.580642
0.542344
1.5211
0.515715
1.16051
1.41983
1.13049
0.623806
1.09358
0.872395
0.350061
0.582617
0.701731
0.720462
0.672548
0.438907
0.415103
0.534284
0.727955
0.662917
0.885508
0.604595
0.438351
0.386254
0.696198
0.683142
0.646067
0.730956
0.585356
0.689207
0.521747
0.668924
0.776349
0.512208
0.900006
0.841248
0.9751
1.29268
0.506213
0.49875
0.839518
0.808975
1.1873
0.526815
0.616595
0.559177
0.433717
1.01252
1.35755
1.50032
0.836501
1.21035
1.54206
1.47005
0.413628
0.356726
0.525914
0.765319
1.06419
0.605701
0.450837
1.13556
0.664336
0.909878
1.21703
1.34396
1.34886
0.503489
0.595958
0.488011
0.827032
0.272279
0.44662
0.419046
0.703155
0.568271
0.764242
0.959286
0.682616
0.619269
0.725919
0.569919
0.687664
0.615645
0.839666
0.390457
0.482782
0.569961
0.484578
0.737072
0.732441
0.781624
0.505361
0.412395
0.60092
0.726134
1.03686
0.52814
0.433895
0.522549
0.560413
0.489162
0.245428
0.368105
0.607993
0.513675
1.1526
1.62223
1.53597
1.43869
1.32297
1.47612
1.08034
1.44602
0.47995
0.552167
0.389661
0.383815
0.9549
0.500722
0.966832
0.533622
0.594497
1.15585
1.56259
1.38211
1.35334
1.13055
0.639172
0.387883
0.447341
0.887936
0.668812
0.591133
0.551508
0.691897
0.723584
0.605333
0.697518
1.10209
0.680864
0.527838
0.357074
0.759824
0.532519
1.19354
1.43299
0.591452
0.77796
0.636391
0.452696
0.896759
0.514389
0.475845
0.467283
0.497132
0.540623
0.586415
0.718031
0.667284
1.06611
1.20507
0.655252
0.552988
0.496016
1.43325
1.30149
1.32688
1.29375
1.46849
1.13863
1.60126
0.665977
0.789665
0.91884
0.855284
0.504362
0.444733
0.569389
0.528666
0.669668
0.64878
1.20119
1.18549
1.1974
1.45538
0.566088
0.79219
1.29162
0.661682
0.720524
0.995175
0.523133
1.2651
0.652264
0.429485
0.557609
0.506476
0.470689
0.615846
0.459034
0.570162
0.894744
0.635475
0.550378
1.05709
0.571403
0.529105
0.92204
1.25912
0.484173
0.495355
0.632604
0.638163
0.478057
0.541104
0.54773
0.574291
0.689025
1.04664
0.830818
0.598355
0.367453
0.594444
0.755003
1.64706
1.42296
0.849155
1.12734
1.5839
1.42772
1.17305
0.57325
0.908551
0.529277
0.539131
0.545304
0.463414
0.883417
0.520362
0.570764
0.501767
0.50395
0.782315
0.918162
1.23836
0.548907
1.38794
1.22035
0.508733
0.870386
0.638777
0.600962
0.809177
0.521864
0.532658
0.275627
0.555291
1.33742
0.682944
0.620162
0.40514
0.366706
0.361482
0.857073
1.00553
0.545138
0.307577
0.408107
0.662708
0.780406
0.497313
0.403946
0.549081
0.826526
0.603141
0.420673
0.664808
0.595473
0.613219
0.390423
0.499884
0.483514
0.699748
0.777593
1.23485
1.59734
1.58916
0.660691
1.06765
1.69307
1.13351
0.62804
1.00782
0.937169
0.493696
0.624862
0.624926
1.20402
0.47974
0.619194
0.536942
1.15768
0.506407
0.474499
0.579759
0.63609
0.782342
0.879504
0.770894
0.406008
0.873777
0.696356
0.61869
0.657585
0.567735
0.489801
0.68245
0.736577
0.535368
0.457742
0.744954
0.598118
0.845941
1.72745
0.601625
0.766491
0.528966
0.97604
0.370986
0.435385
0.509837
0.495208
0.547069
0.637922
0.53164
0.231807
0.52829
0.46203
0.580578
0.644446
0.560606
0.451888
0.422212
0.781601
0.756279
1.07457
1.12324
0.787985
1.59933
1.18372
0.697731
0.861026
0.983798
0.365086
0.406571
0.935546
0.514567
0.486104
0.69914
1.15419
0.684483
0.642539
0.621342
0.550719
0.451177
0.609396
0.717329
0.346823
0.539058
0.337286
0.50751
0.892182
0.529708
0.511164
0.602073
0.467896
0.690123
0.539132
0.632837
0.760178
0.574915
1.23132
0.603707
0.64873
0.539341
1.56507
1.00941
1.10776
0.504274
0.551223
0.493729
0.612106
0.566057
0.479062
0.572034
0.563668
0.659189
0.585886
0.625675
0.740403
0.751922
0.689435
0.623226
0.437565
0.541467
1.04694
0.70053
0.627642
0.515848
0.601976
0.680852
0.870192
1.39961
0.523875
1.59987
1.33347
0.668068
0.751249
0.455202
0.463684
0.602478
0.664447
0.570264
0.457106
0.53994
1.07796
0.466062
0.532487
0.475462
0.438051
0.444808
0.571369
0.977158
0.708079
0.38015
0.594081
0.573466
1.29257
0.653192
0.862638
0.707733
0.659249
0.754182
0.670629
0.819978
0.665918
0.476851
1.01731
0.505555
0.893606
0.479821
0.483346
0.417813
0.652042
0.431877
1.38796
0.615816
0.570284
1.2111
0.940593
0.411862
0.44829
0.528972
0.756153
0.542602
0.36615
0.305745
0.360104
0.513271
0.678136
0.38496
1.64025
1.41195
1.0522
1.12079
1.29843
0.52521
0.748498
0.689891
0.579783
1.40659
0.784633
0.313086
0.948771
0.808817
0.813902
0.64412
0.710087
0.497517
0.775798
0.733123
0.573116
0.790045
0.615815
0.327443
0.48999
1.30286
0.982587
0.548472
0.422869
0.47537
0.565967
0.730391
0.638431
0.396718
0.542408
0.748647
0.36413
0.622339
0.622524
0.613812
0.720407
0.784818
0.768654
0.669752
1.1627
1.19235
1.2777
0.838883
1.18564
0.97784
0.61092
0.997873
0.985884
0.454446
0.500315
0.72639
0.52372
0.582414
0.758259
0.963295
1.88482
1.26616
1.28658
1.13535
1.46665
1.12472
0.868911
0.5775
0.497703
0.458059
0.896971
0.627365
0.565092
0.620346
0.527047
0.404527
0.673378
0.542323
0.335613
0.637864
0.996976
0.760521
0.848609
0.362502
0.326661
1.2185
0.340863
0.61854
0.391751
0.601503
0.52966
0.355812
0.516658
0.645379
0.705376
0.384602
0.487779
0.548505
0.58485
0.850971
0.930843
0.956886
0.897779
1.23554
1.25492
1.56179
1.15823
1.54482
0.998303
1.40521
0.990483
0.801274
0.691482
0.67371
0.675754
0.764026
0.564722
0.808746
1.31659
0.604646
0.503185
1.21564
1.47068
1.25317
1.40707
1.42384
1.09768
0.646461
0.731336
1.43484
1.548
1.28917
0.684395
0.752742
0.477396
0.617964
0.653089
0.436066
0.484079
0.550008
0.502703
0.877496
0.667344
1.20696
0.348094
0.488472
0.420548
1.10083
1.1597
1.1974
0.421877
0.595832
0.702513
0.547349
0.403901
0.562237
0.519306
0.462042
0.416266
0.869272
1.50078
0.946063
1.06723
1.2234
1.29463
1.45398
1.4739
1.31238
1.53699
1.40534
0.56158
0.666008
0.57358
0.576257
0.696137
0.480957
1.02143
0.68516
0.538248
0.895644
0.44777
0.59282
0.705219
1.26001
1.07574
0.899668
1.29369
1.03814
0.533251
1.56583
1.11672
1.29089
1.22364
0.986668
0.86355
0.872649
0.367091
0.254743
0.51887
0.626424
0.83513
0.571431
0.468436
0.663687
0.569279
0.516057
0.962128
1.39751
1.6381
1.26155
0.561195
0.790197
0.554457
0.481451
0.599196
0.631438
1.00418
0.768103
0.570771
0.784981
0.791619
1.53789
1.11754
1.36899
0.900005
1.58664
1.57857
1.38072
1.26611
1.39437
0.53778
0.580249
1.73667
0.451095
0.381652
0.561831
0.546708
0.648301
0.569967
0.448083
0.342463
0.553567
1.43885
1.63133
1.61862
1.42633
1.50393
1.81169
1.45165
1.51595
1.64469
0.883335
0.651578
0.591461
0.834148
0.593878
1.16168
0.393429
0.296796
0.400089
0.569922
1.02866
0.943246
0.684042
0.650129
0.664385
1.3225
1.6067
1.50646
1.07034
1.09726
0.635018
0.627283
0.463224
0.558406
0.646261
0.435775
0.383298
0.612343
0.402691
0.655194
1.37206
1.29383
1.66569
1.29824
1.3326
1.39227
1.5843
1.53843
1.09434
0.921896
0.927872
1.66195
1.18496
1.11931
1.06498
1.15637
1.14187
0.49836
0.770257
1.51307
0.948708
1.38998
1.55588
1.21295
1.20177
1.42341
1.35701
0.974485
1.66941
2.03751
0.557809
1.22348
0.43953
0.595495
0.411167
0.660312
0.836009
1.00089
0.719014
0.5714
0.540524
0.75624
0.450505
0.719189
0.944482
1.43292
1.19356
0.681792
0.508066
1.10894
0.802636
0.6431
0.744424
0.476058
0.567104
0.610875
0.616046
0.957336
0.699167
1.00808
1.00203
1.7225
1.1372
1.26465
1.50834
1.45498
1.61826
1.64163
1.31794
1.12387
1.6635
1.27596
1.2041
1.7481
1.16778
1.31433
1.57976
1.39645
1.36844
1.38386
1.20145
0.867599
1.0422
1.21112
1.28791
1.55916
1.27567
0.815376
1.24357
0.552535
0.561155
0.441677
0.551079
0.459529
0.377976
0.444344
0.647406
0.647704
0.651398
0.526649
0.545591
0.482431
0.487343
0.611611
0.672492
1.38918
1.32793
1.11084
0.825626
1.12657
0.469011
0.646111
0.731181
1.03455
0.860366
0.783472
0.782306
0.447857
0.702974
0.6619
1.27828
1.36364
0.701019
1.38911
1.21374
1.25455
1.23805
1.58122
1.53493
1.11564
1.63261
1.25324
0.996364
1.16503
1.16244
1.25954
1.59854
1.43342
1.64842
0.917504
1.32591
1.15499
1.61628
1.61952
1.62302
1.62174
1.2983
0.621506
0.699575
0.61267
0.41429
0.514669
0.545367
0.493484
0.481423
0.482841
0.477805
0.534788
0.710597
0.596346
0.521387
0.575888
0.696967
0.664272
0.856935
0.463926
0.405026
0.619965
0.603926
1.1299
0.575887
0.88684
0.884782
0.825781
0.982062
0.636357
0.631855
0.983226
1.29071
1.42576
1.43005
1.34171
1.10487
1.62772
1.18914
1.37574
1.2139
1.38895
1.75461
1.47234
1.34118
1.48986
1.14584
1.38548
1.21463
1.50775
1.11196
1.41052
1.18095
1.33992
1.55342
1.5435
1.1008
1.40049
1.52877
1.26819
0.747278
0.853222
0.673373
0.602108
0.317966
0.484662
0.447012
0.671581
0.894798
0.768482
0.294772
0.566442
0.710852
0.728262
0.542796
0.734907
0.479455
0.386513
0.464813
0.56022
0.789734
1.19666
0.331725
0.758774
1.26479
0.613406
0.899387
1.68652
1.14304
0.888237
0.583683
0.878896
0.978788
1.51843
1.58372
1.16208
1.28867
1.28938
1.14322
1.25382
0.911953
1.27341
1.06963
1.40552
1.58034
1.39574
1.84803
1.45164
1.11107
1.35443
1.1833
1.57401
1.4466
0.940145
1.65859
1.58734
1.31923
1.29895
1.29569
1.48045
1.10403
0.796568
0.739828
0.677334
1.27801
0.559261
0.843915
0.479004
0.367096
0.67178
0.535458
0.689069
0.749742
0.675944
0.573961
0.517612
0.494642
0.476819
0.485184
0.45365
0.682654
0.655121
0.555224
0.308886
0.48871
0.585803
0.585865
1.31299
1.2371
1.03438
1.10843
1.50547
1.41423
1.66341
1.48415
1.73747
1.13053
1.56298
1.23892
1.56878
1.30818
0.92175
1.12206
1.60801
1.4264
1.26265
0.711574
1.46948
1.53191
1.41342
1.63459
1.66221
1.61532
1.09226
1.0536
1.51862
1.43015
1.19626
1.3067
1.54007
0.503547
0.705358
0.755744
0.287692
0.455798
0.597247
0.53489
0.614774
0.418375
0.347122
0.625254
0.835294
0.335722
0.682741
0.894186
0.444563
0.662043
1.11951
0.71661
0.560259
0.847898
0.482963
0.586687
0.662757
0.934153
0.936335
0.599469
1.24504
1.21823
2.10283
1.36518
1.53753
1.45494
1.22167
1.08079
1.77398
1.10395
1.23264
1.10376
1.3136
1.38431
1.12676
1.29359
1.57516
1.2139
1.45714
1.02147
0.610752
1.52706
1.25705
1.36763
1.4008
1.6967
1.51781
0.971023
1.1268
0.676754
0.462103
1.23221
0.962043
0.347951
0.741781
0.492617
0.606107
0.772619
0.88133
0.560226
0.409716
0.772668
0.844394
0.489651
1.34219
0.760866
0.623464
0.706009
0.939794
0.456469
1.20794
1.41109
0.996326
0.976756
0.573121
0.528142
0.460843
0.555543
0.581258
0.420501
1.13853
1.06275
1.60195
1.18884
1.57596
1.31721
1.41155
2.14616
1.54293
1.58094
1.50445
1.28721
1.06642
1.58236
1.33308
1.18447
1.32009
1.13413
1.84426
1.50987
1.43544
1.21821
1.50695
0.928519
1.30206
1.3917
1.63904
1.1856
1.43376
0.997383
1.09979
1.41593
0.591777
0.530949
0.401522
0.809191
0.477717
0.731856
0.594568
0.363497
0.533465
0.326296
0.386218
0.633991
1.68516
1.22418
0.581806
0.890832
1.2645
1.19188
1.34953
1.25778
1.00538
1.75459
1.57068
1.35789
0.627488
0.571889
0.548525
1.59917
1.56907
1.34225
1.30427
1.32983
1.26495
1.36397
1.34507
1.15162
1.33269
1.40509
1.24885
1.15437
0.718436
1.11476
1.18048
0.501758
1.73594
0.93327
1.3811
1.41881
1.56925
1.42024
1.29795
1.21667
1.46803
1.80555
1.49936
1.0916
1.23704
1.80813
1.70833
1.52601
1.05808
0.630027
0.595739
0.456916
0.434428
0.956649
1.18491
0.452051
0.45373
0.67072
0.434328
0.425299
1.26115
1.62678
1.11528
1.13529
1.27702
1.2124
1.19979
1.6353
1.37578
1.21694
0.875638
1.35873
0.470791
0.727751
1.69168
1.69201
1.62332
1.67439
1.2981
1.68959
1.42413
1.78008
1.75754
1.3707
1.1931
1.69315
1.56876
1.30332
1.3518
0.79538
1.10643
1.29401
1.49176
1.37476
1.20777
1.42254
1.31824
1.15097
1.63595
1.40611
1.33728
1.46283
0.862746
1.38973
1.42197
1.42501
1.5954
1.48036
1.62432
0.659599
0.46639
0.853058
1.12635
1.48577
1.31086
0.575158
0.598931
0.400611
0.686546
0.677059
1.35618
2.01801
1.3127
1.48582
1.54656
1.08567
0.858321
1.2412
1.27191
1.67216
1.50626
1.63413
1.16086
1.29177
1.42517
1.43842
1.69256
1.59408
1.49723
1.49244
1.27297
1.70839
1.58512
1.25726
0.684644
1.01402
1.64201
1.15184
1.19788
1.76037
1.27471
1.30473
1.09836
1.11486
0.702329
1.37077
1.33209
1.45567
1.67648
1.45021
1.50119
1.71681
1.67982
1.63431
1.11344
1.44068
1.37773
1.32304
1.28316
1.46447
0.655716
0.573402
0.540469
1.53756
1.03047
0.783503
0.554715
0.417787
0.464857
0.51088
0.986179
1.05042
1.50878
1.72098
1.36948
1.4794
1.63
1.56831
1.60812
1.69226
1.36119
0.801748
1.47937
1.24861
1.07328
1.47209
1.37242
1.46673
1.64632
1.4642
1.49078
0.963483
1.11202
1.55687
1.48326
1.21049
1.1938
1.68158
1.47393
1.76759
1.46969
1.29641
1.34091
1.50662
1.7964
1.49431
1.28948
1.58051
1.29566
1.32927
1.24799
1.48683
1.55705
1.69717
1.40164
1.2328
1.36099
1.25779
1.18957
1.31535
0.511767
0.363183
0.607709
0.660914
0.853047
0.805639
0.996693
0.572682
0.538022
0.391451
0.573623
1.1799
1.52761
1.33067
1.45659
1.5972
1.29627
1.82851
1.52117
1.50707
1.42605
1.04046
1.486
1.22549
1.40378
1.52068
1.02775
1.1841
1.46025
1.16435
1.66927
1.37441
1.33978
1.05327
1.34175
1.39019
1.37504
1.6341
1.36526
1.48538
1.26513
1.64004
1.17901
1.50113
1.76701
1.02947
1.33448
0.917525
1.30552
2.00017
1.24133
1.0401
1.24831
1.38058
1.16449
0.981713
1.30519
1.40531
0.713499
1.44534
0.894747
0.581948
0.74257
1.48784
1.03912
0.970659
1.27927
0.677224
1.05874
0.690381
0.564989
1.41863
1.61039
1.31508
1.2573
1.40873
1.54477
1.31622
1.6879
1.25746
1.53576
1.31364
1.1114
1.72901
1.47374
1.65917
1.34199
1.51132
1.13447
1.02276
1.18347
1.79651
1.37652
1.33849
1.50417
1.70915
1.62268
1.35353
1.4536
1.21472
1.29885
1.62667
1.41626
1.28635
1.24816
1.34092
1.465
1.65487
1.95091
1.41958
1.46929
1.32216
1.33316
1.64653
1.67179
0.716456
1.07094
1.31649
1.42722
1.3254
0.663831
0.642418
1.58499
1.55265
1.27375
1.44575
1.09195
1.06858
1.41832
1.73555
1.00722
1.65181
1.22641
1.17386
1.29981
1.32969
1.71454
1.74537
1.49761
0.70028
1.26402
1.42971
1.1697
1.49632
1.23148
1.80271
1.27894
1.36621
0.982056
1.474
1.25103
0.774048
0.477388
1.18697
1.30142
1.25665
1.43632
1.2603
0.874196
0.398108
1.46807
1.69014
0.941304
1.29433
1.01891
1.04863
1.62505
1.24689
1.44644
1.20477
1.63123
1.41187
1.50465
1.55231
1.63291
0.870373
0.867826
0.966879
0.878607
1.13139
0.958103
0.797479
1.70362
1.57169
1.29345
0.636246
1.4463
1.62456
1.44133
1.45509
1.75535
1.60486
1.75627
1.03574
1.33517
1.48873
1.45749
1.76217
1.62857
1.08089
1.49003
1.57134
1.30498
1.53845
1.10749
