0.361827
0.419186
0.533156
0.926226
1.06731
0.605343
0.526522
0.679572
0.82757
0.960575
0.472034
0.698195
0.610644
1.63985
1.54513
0.48488
0.66614
1.62319
1.24167
0.48661
0.425945
0.385736
0.69907
0.567255
0.696505
1.52353
0.447753
0.524268
0.450103
0.661016
1.15911
1.56602
1.55922
1.51155
0.802464
1.64121
0.953706
0.817357
0.312608
0.584884
0.876244
1.03077
0.776817
0.587965
0.504486
0.480064
0.554344
0.510069
0.55973
0.569647
0.322935
0.608541
0.379753
0.393102
0.823135
0.605022
0.507871
0.63811
0.790068
0.756532
0.417016
0.758586
0.42281
0.693334
0.840873
1.12619
0.800227
0.460672
0.652429
0.316789
0.419472
0.554696
0.936666
1.53805
0.732346
0.495673
1.07984
1.5829
0.812319
0.522346
0.555325
0.425692
0.459555
0.834719
1.16265
0.937981
0.640658
0.578883
0.387958
0.274921
0.643209
1.53609
1.5592
1.44782
0.706455
1.47641
0.855022
0.68405
0.27529
0.387067
0.411878
0.735098
0.964905
0.525126
0.58299
0.83424
0.76156
1.02209
0.498179
0.841136
0.608594
0.392624
0.571303
0.456314
0.636127
0.542976
0.716203
0.411436
0.424897
0.873692
0.640476
0.412268
0.557714
0.838138
0.526228
0.495244
0.546235
0.417547
0.56337
0.443297
0.436473
0.480638
0.553998
0.520387
0.65705
0.970589
0.829194
1.14674
0.681276
0.878814
0.905118
0.324496
0.416304
0.982917
0.557016
1.19921
0.853399
0.508658
0.616555
0.936635
1.56395
1.30757
1.01663
1.51177
1.1198
1.33531
0.863027
0.477131
0.403683
0.430798
0.45292
0.218047
0.775461
0.626803
0.63897
0.666423
0.507919
0.674928
0.714797
0.407414
0.683238
0.646184
0.575889
1.03767
0.723526
0.687023
0.882097
0.946866
0.385516
0.569479
0.329729
0.864508
0.738578
0.68308
0.591591
0.505936
0.593898
0.800245
0.397842
0.818365
0.560988
0.610582
0.740636
0.379476
0.605928
0.804921
0.729479
0.423383
0.704727
0.590365
0.841456
0.821295
0.894741
0.448315
1.02188
0.552753
0.69603
0.721768
0.756667
1.43937
0.770231
1.0218
0.922207
1.57941
1.31839
1.38929
0.762094
0.83388
1.01663
0.357563
0.415066
0.629161
0.564164
0.591687
0.789216
0.401193
0.526418
0.473328
0.493741
0.683646
0.728068
0.874712
0.776353
1.04749
1.16877
0.857065
0.957862
0.603557
0.478676
0.660496
0.566818
0.574019
1.1007
0.97025
0.523258
0.747673
0.668695
0.578996
0.683814
0.532361
0.599162
1.29697
1.16639
0.570379
0.557734
0.613122
0.708551
0.91332
0.828457
0.732491
1.02573
0.633958
0.664085
0.539733
0.462303
0.632312
0.561449
0.605669
0.502299
1.52967
1.6212
1.53471
1.46845
1.33517
1.07664
1.54351
1.32169
0.676769
0.483141
0.247423
0.581269
0.591435
0.707295
0.861452
0.620761
0.934202
0.528463
0.70671
0.469208
0.595647
0.770686
0.873647
0.561443
0.605404
0.547748
0.530761
0.550549
0.741041
0.601577
0.594931
0.464192
0.548086
1.32039
1.52275
1.27631
0.801013
0.702804
0.762907
0.769902
0.619862
0.604628
0.530452
1.57135
1.1312
1.0128
0.658152
0.736864
0.849877
0.813362
0.941946
0.761543
1.1303
0.523628
0.533621
0.720035
0.625706
0.60486
0.680844
0.828551
1.44827
0.814605
0.667065
1.46201
1.4593
1.47029
1.53183
1.19329
0.855425
0.770667
0.802385
0.93138
0.739562
0.626128
0.58218
0.556732
0.540099
0.459811
0.524675
0.384987
0.406686
0.571434
1.40026
1.21007
1.20589
0.578069
0.391468
0.464401
0.498666
0.531369
0.366653
0.971176
0.321565
1.11928
1.75706
0.851479
0.479778
0.574863
0.570663
0.672145
0.509666
0.574347
0.48595
1.37076
1.32769
0.800378
0.320595
0.626222
0.881603
0.848342
0.958531
0.732085
1.15542
0.464383
0.60462
0.844018
1.29809
0.494113
1.06001
0.292826
1.23752
1.30417
0.862027
0.792553
1.65596
1.48237
1.32713
1.29691
0.795308
0.744735
0.485826
0.555092
0.425794
0.880064
0.31162
0.436469
0.269711
0.563051
0.724707
0.573782
0.710492
0.57742
0.48661
0.987603
0.665721
0.439835
0.534096
0.244224
0.621348
0.66478
0.767462
0.402809
0.463005
1.12426
1.39436
1.08972
0.847745
0.701996
0.787133
0.550101
0.572654
0.583952
0.469087
0.521477
0.818603
0.613056
0.666331
0.964043
0.643095
0.708406
0.580963
0.336676
0.78327
0.788107
0.428864
0.756616
0.63343
0.780998
0.920261
0.467076
1.47563
1.21423
0.673442
0.739957
1.13731
0.977185
1.27984
0.807694
0.809076
1.05008
0.428708
0.446208
1.20075
0.626687
0.362768
0.570462
0.58374
0.453028
0.635265
0.665856
1.3576
0.513602
0.451813
0.591234
1.36261
0.803748
0.612086
0.419187
0.686686
0.529548
0.591134
0.677896
0.663167
0.862552
0.751177
0.487334
0.55069
0.763261
0.872085
0.887003
0.364176
0.486352
0.774678
0.794537
0.503946
0.434964
0.763307
0.997957
0.905678
0.368535
0.622213
0.322349
0.530787
0.729437
0.419503
0.427294
0.480118
0.484762
0.41715
0.480009
0.583394
1.19228
1.06325
0.722281
0.551336
1.28992
1.3837
1.27723
0.938715
0.727528
0.418274
0.880804
0.556894
0.433616
0.864024
0.477863
0.696992
0.670937
0.519761
0.539967
0.45154
0.42879
0.4838
0.691357
1.43376
1.14415
1.15619
0.468011
0.672339
0.419181
0.707978
0.560899
0.665722
0.700415
0.562934
0.766406
0.831522
0.491434
1.09707
0.511553
0.421345
0.642192
0.909914
0.53916
0.346365
0.70013
0.629725
1.16341
0.588252
0.393474
0.762257
0.53064
0.528501
0.554554
0.427922
0.526567
0.488743
0.90745
0.567916
0.442604
0.574673
1.56646
0.742583
0.447287
0.692676
0.789531
1.32329
0.933258
1.00139
0.499872
0.691219
0.852676
0.317309
0.504273
0.496945
0.542085
0.432182
0.635076
0.338231
0.391351
0.673682
0.736389
0.922362
0.837088
0.785649
1.41752
0.733103
0.488073
0.429454
0.978309
0.502215
0.728561
0.818788
0.464466
0.554501
0.34407
0.626226
0.308394
0.61829
0.414726
0.434352
0.643508
0.716272
0.338748
0.672865
0.435485
0.400258
1.05293
0.601122
0.46282
0.710335
0.446677
0.476346
0.623135
0.468594
0.4794
1.09043
0.656804
0.628665
0.477501
0.51597
0.431794
0.623603
0.661519
0.358222
0.729241
1.04128
0.382285
1.17375
0.898149
0.468998
0.671382
0.565014
0.616313
0.620808
0.505109
0.499367
0.988219
0.939896
0.427759
0.601469
0.943843
0.791227
1.14108
0.936208
1.40757
1.26906
0.731977
0.55836
0.550615
0.555603
0.543444
1.48934
0.363918
0.593033
0.476177
0.39733
0.680888
0.619958
0.41084
0.65225
0.510534
0.810286
0.416462
0.80435
0.623465
0.529193
0.645678
0.635321
0.681675
0.369008
0.585535
0.598086
0.638601
0.438924
0.274715
0.530413
0.319892
0.485483
0.505461
0.425485
0.371271
0.452016
0.83434
0.562737
0.458169
0.818982
1.09961
0.645952
0.693737
0.553376
0.775033
0.882392
0.803296
0.684105
0.473112
0.749696
0.772472
0.948896
0.558482
0.474845
0.512923
1.46249
1.46838
0.668044
0.447329
0.543688
0.654337
0.41257
0.60074
0.852819
0.585507
0.472262
0.825766
0.572437
0.588898
0.340453
0.687272
0.727124
0.269905
0.654478
0.531873
1.03618
0.495649
0.893212
0.849943
0.505301
0.675069
0.930457
0.586714
0.807329
0.944009
1.17172
0.397929
0.571453
0.826647
0.958042
0.325958
0.767734
0.852323
0.787904
0.647464
0.593736
0.643227
0.822283
1.07847
0.684016
0.581347
0.521856
0.803045
0.603128
0.576517
0.465778
0.570115
0.546116
0.762317
0.407172
1.03981
0.545431
0.606524
0.428281
0.72348
1.05354
1.62532
0.638947
0.524579
1.1499
0.870188
0.788864
0.662481
0.989655
1.51735
0.541445
0.483184
0.447864
0.738907
0.979765
1.05688
0.649386
0.59769
0.507132
0.751617
0.84215
0.532988
0.523171
0.465019
0.591386
0.733347
0.379218
0.682302
0.489126
0.949933
1.13116
0.6171
0.529032
0.508204
0.37914
0.461452
0.394682
0.787198
0.347186
0.698821
0.812444
1.53012
1.14282
1.21056
1.33276
0.460489
0.917653
0.490821
0.686569
0.584037
0.462267
0.578628
0.620929
0.520231
0.682507
0.636179
0.65779
0.650436
0.476642
0.592412
0.543706
0.788661
0.50444
0.604068
0.664738
1.06174
0.770969
1.15104
1.41555
1.02542
0.850403
0.626521
0.596233
0.476754
0.707672
0.43601
0.43632
0.593548
0.49016
0.564663
0.518445
0.55162
0.512108
1.25357
1.57352
1.40305
1.28376
0.944087
0.859346
0.726283
1.08408
0.719118
0.749082
0.433633
0.618443
0.279344
0.297054
0.513687
0.595171
1.0517
1.42977
1.37838
1.0915
0.746306
1.37653
0.565287
0.450222
0.555886
0.511263
0.724634
0.523804
0.563768
0.537331
0.509994
0.69291
0.416098
0.393262
0.492854
0.476524
0.772128
0.523262
0.596744
0.244826
0.867625
1.18904
1.15227
0.556232
0.885606
1.32446
1.29554
1.89312
0.737512
0.815993
0.527961
0.527107
0.914305
0.42943
0.570377
0.612855
0.687256
0.358643
0.661412
0.460948
1.4224
1.02739
1.31147
1.56811
0.509293
1.08573
1.1127
1.656
0.673009
0.659995
0.670153
0.68812
0.482921
0.449611
0.638732
0.481421
0.914975
1.39761
1.41784
1.04608
0.495366
0.583801
1.37139
0.616727
0.859243
0.395019
0.63477
0.709068
0.475795
0.697961
0.597363
0.487729
0.447075
0.357273
0.831883
0.847996
0.560157
0.500674
0.492128
0.729128
0.791166
1.28221
1.72132
1.12526
0.880365
1.63559
0.689434
1.20565
0.930446
0.822276
0.729663
0.913868
0.395485
0.916304
1.13909
0.584456
0.594313
0.399525
0.684927
0.827829
1.5643
1.04234
1.59635
1.25381
1.46169
1.32819
0.47297
0.539197
0.378654
0.568316
0.744885
0.684695
0.571741
0.869786
1.01687
0.619781
0.48397
1.56363
1.55556
1.0253
0.658466
1.30748
1.1461
1.38893
0.703163
1.08315
0.742174
0.536213
0.581753
0.46013
0.513946
0.878118
0.574197
0.397401
0.507253
0.550763
0.973164
0.626894
0.610999
1.13649
0.627739
1.34314
1.63645
1.15527
1.06201
1.37293
1.34726
1.4521
1.61978
1.20213
0.52971
0.590917
1.47244
1.31249
0.476019
1.26306
1.47683
1.35817
0.849975
1.73051
1.34977
1.45528
1.67876
0.93235
0.561552
0.512317
0.814
0.531466
0.820267
0.479863
0.505392
0.452754
0.73386
1.12506
0.780516
1.225
1.22407
0.661465
1.44599
1.25072
1.39518
1.49179
1.75961
1.71472
1.40852
1.15129
1.36525
1.30705
0.788841
0.545226
0.677997
0.806002
0.496762
0.597686
0.296595
0.664756
0.494803
0.977091
1.10671
1.70002
1.26282
1.69489
1.09825
1.27674
1.3925
1.27755
1.73018
1.38279
1.16916
1.72938
1.64448
1.40878
1.74903
1.32544
1.28488
1.58233
1.41993
0.592068
1.50644
1.42483
1.29037
1.71363
1.45715
1.14922
0.836566
0.482373
0.734207
0.724249
0.526541
0.484858
0.523415
0.665949
0.648364
0.500957
0.461253
0.842104
1.48628
1.37942
1.18313
1.35552
1.09214
1.53487
1.35618
1.14772
1.58052
1.27381
1.2919
1.15733
1.1324
1.50266
1.03879
0.598171
0.786009
0.499842
1.44106
0.53251
0.864624
1.41925
1.19216
1.42147
1.85511
1.53148
1.42878
1.34614
1.63081
1.64213
1.54844
1.57126
1.33106
1.45948
1.36997
1.73627
1.19794
1.54141
1.43859
1.33233
1.49871
1.21118
1.57461
1.28061
1.42857
0.863016
1.75273
1.20234
0.824766
1.0069
0.800459
0.408158
0.646913
0.987834
1.33162
0.798629
0.765022
0.322842
0.803108
0.742678
0.852578
1.5545
1.28621
1.47619
1.51763
1.48675
1.28883
1.32214
1.35438
1.57013
1.19704
1.33693
1.35414
1.44418
1.48759
0.899665
1.01895
0.331785
0.50651
0.588441
0.778739
0.811255
0.613326
1.25172
1.40814
1.6378
1.37396
1.15955
1.54839
1.78016
1.50716
1.44795
1.21994
1.40686
1.36527
1.64102
1.24827
1.52928
1.51818
1.18913
1.2626
1.41019
1.61137
1.19677
0.972573
1.47976
1.58484
1.20036
1.35087
0.84819
0.92917
0.664322
0.619762
0.650301
0.810568
0.779866
1.09153
0.505707
0.989133
1.34058
1.40707
1.71392
1.53102
1.47759
1.56174
1.0891
1.40539
1.24169
1.29503
1.20758
1.34201
1.26
1.56882
1.32926
1.31015
1.27958
0.662291
0.988944
0.576817
0.335555
1.11549
1.42639
1.67691
0.80165
1.51699
1.3447
1.38887
1.42659
1.39218
1.51105
1.63053
1.62184
2.01937
1.63349
1.34907
1.58149
1.60738
1.26644
1.2951
1.62306
1.47433
1.71006
1.18305
1.52239
1.9315
1.35676
1.08813
1.69313
1.64265
0.830355
0.546308
0.524671
0.483693
0.749246
1.14625
1.55135
1.55135
0.904043
1.57125
1.34607
1.47946
1.36264
1.30104
1.17156
1.79513
1.79691
1.59419
1.27478
1.36223
1.36562
1.24422
1.34441
1.35612
1.53057
0.940367
1.71498
1.11009
0.757479
0.703148
0.545315
1.31615
1.37849
1.72413
1.02036
1.39176
1.33466
1.88758
1.03504
1.44207
1.2116
1.31615
1.42318
1.36228
1.27422
1.29355
1.37876
1.45705
0.869773
1.12426
1.54796
1.55363
1.33824
1.11646
1.54402
1.32139
1.31993
1.19235
1.30605
1.35098
1.56385
1.48808
0.489875
0.421412
0.646775
0.692235
1.15756
1.8197
1.40613
1.27979
1.70262
1.6069
1.67449
1.53235
1.51338
1.29829
1.82954
1.69371
1.38237
1.37423
1.22529
1.26525
0.526045
0.882727
1.86493
1.29081
1.39107
0.907748
0.5787
0.37257
0.452512
1.08802
1.50061
1.66571
1.28376
1.41415
1.58225
1.32577
1.32881
1.3661
1.80115
1.29034
1.23276
1.43769
1.37907
1.50659
1.75736
1.56529
1.56516
1.58443
1.41606
1.78632
1.441
1.11191
1.61492
1.31919
1.14557
1.70869
1.63669
1.48929
1.66618
1.11887
0.501741
0.944354
0.625081
0.573535
0.578879
1.83813
1.67233
1.3776
1.26617
1.24973
1.28847
1.55923
1.76382
1.43497
1.36406
1.25268
1.17181
1.50279
1.50032
1.12563
0.611245
0.757693
1.09377
1.56071
1.40552
1.08904
0.9907
0.316211
0.596601
1.63621
1.21018
1.66673
1.23429
1.27618
1.70912
1.5654
1.82686
1.35029
1.83433
1.31348
1.70299
1.35818
1.65806
1.20863
1.17996
0.719322
1.16691
1.25339
1.40409
1.51558
1.37456
1.39173
1.3286
1.75366
1.38382
1.39234
1.27733
1.37304
1.33632
1.26224
1.09243
0.567016
0.509581
0.629029
1.21061
1.76906
1.66376
1.66066
1.59967
1.26434
1.8559
1.51051
1.34332
1.04075
1.26956
1.45421
1.47411
1.3399
1.27988
0.664972
1.03063
0.861206
1.75864
1.08904
1.78605
1.76537
0.977339
0.596792
0.477974
1.62264
1.15826
1.31835
1.56334
1.33124
1.62421
1.38728
1.20107
1.56952
1.46703
1.60555
1.47228
0.820254
1.45004
1.31662
1.32568
1.29859
1.61307
1.83759
1.6447
1.44926
1.27679
1.62731
1.34138
1.35201
1.40467
1.34688
1.29112
0.569857
1.66968
1.67145
0.91312
0.817099
0.965122
1.13165
1.44164
1.38189
1.43859
1.56423
0.918164
0.670596
1.21621
1.4515
1.48451
0.867971
1.43
1.4489
1.47218
1.04311
1.18984
1.26465
1.50171
1.21287
1.83255
1.12604
1.41934
1.41945
1.70943
1.58679
1.15376
1.12603
1.29065
1.5581
1.49174
1.14655
1.72428
1.51919
1.18648
1.41171
1.21895
1.34451
1.05981
1.07154
1.68313
1.19468
1.4879
1.69417
1.2952
1.33547
1.25071
1.12518
1.54693
1.21595
1.4675
1.40644
1.48367
1.27278
1.12171
0.56016
1.45238
1.21491
1.42267
1.08994
1.4843
1.57568
1.56843
1.84691
1.30113
1.36012
1.43229
1.2135
1.54384
1.34267
1.58519
0.395238
0.62689
1.31275
1.70015
1.09091
1.52113
0.614727
1.33804
1.14319
1.62871
1.50301
1.6236
1.27641
1.68683
1.34023
1.44123
1.4303
1.47351
1.65257
1.30763
0.963592
0.665959
1.30175
1.54404
1.93509
1.76294
0.902953
1.31566
1.70711
1.33584
1.66405
1.41224
1.54715
1.17927
1.3392
1.24686
1.30285
1.09754
1.4725
1.36912
0.848348
0.76115
0.462195
1.24206
0.588909
1.29171
1.74588
1.73024
1.46732
1.44574
1.2551
1.51655
1.52303
1.60766
1.47585
1.41893
0.745719
1.40556
1.28207
1.46276
1.36104
0.656697
1.55094
0.966554
1.21954
1.55431
1.76715
1.26593
0.786099
1.04238
0.974545
1.35975
1.70536
1.37512
1.50877
0.895265
1.4709
0.786731
1.08245
1.09837
0.798787
1.28132
1.25569
1.3193
1.25947
1.52569
1.29309
1.47864
1.26289
1.43297
1.26021
1.59076
1.35569
1.49889
1.63499
1.38795
1.33717
0.949563
1.61831
1.49132
0.660768
0.727268
0.865744
1.87641
0.786869
1.27707
1.13141
0.667318
1.27415
1.07644
1.42609
1.20191
1.47493
1.58329
1.26593
1.51821
1.37949
1.30815
1.79721
1.36896
1.46103
1.3253
0.940694
0.854539
0.762431
1.60483
1.6087
1.56109
0.932199
1.02585
1.30545
1.59956
1.20131
1.41674
1.55791
1.22028
1.34745
1.24866
1.25103
1.12939
1.36669
1.33255
1.12331
1.68208
1.60602
0.687581
1.37786
1.03314
1.30094
1.20939
1.2345
1.35232
1.26745
1.49514
1.26669
1.02814
1.52806
1.03128
1.1578
1.40416
1.25687
1.17466
1.28421
1.67976
1.33047
1.26153
1.3306
0.686609
0.967856
1.31969
1.04309
1.49092
1.41862
1.3668
0.927977
1.57022
1.05851
1.36152
1.67644
1.63001
1.31846
0.922766
1.68289
1.24811
1.14072
1.70531
1.23341
1.19152
0.931679
0.65145
1.3901
1.25708
1.51796
1.31595
1.50548
1.34262
1.56811
1.59212
1.04763
0.776723
1.59435
1.44981
1.36613
1.39794
1.363
1.50754
1.19241
1.12936
1.11166
0.71699
1.37166
1.0863
0.971643
0.753597
1.73308
1.25443
1.3328
1.52839
1.43711
1.58881
1.65198
1.3408
1.28163
1.48553
1.33912
1.52115
1.71873
0.477595
0.595302
0.801884
0.442913
1.37321
1.10919
1.30953
1.51018
1.55994
1.85105
1.42403
1.66739
1.42124
1.18741
1.68888
1.87652
0.833499
1.13805
0.746986
1.7915
1.36723
1.55851
1.07163
1.22337
1.17066
1.58204
1.58554
1.36754
1.7728
1.2645
1.62741
1.60049
1.49823
1.1346
1.21401
1.54067
1.22055
1.49441
1.16895
1.60258
1.34175
1.43839
0.486071
1.43037
1.17316
1.71912
1.27715
1.05263
0.488695
0.79004
0.741162
1.05688
1.57554
1.46532
1.53482
1.29906
1.43061
1.5107
1.26959
0.910287
0.596744
0.523592
0.575464
1.43021
1.47601
0.753143
0.62035
0.670262
1.57217
1.02218
1.39124
1.34979
1.46129
1.42712
1.30273
1.47531
0.671768
0.488134
0.958247
1.33309
1.44987
1.37313
1.13795
1.55939
1.274
1.40444
0.711194
1.28761
1.27403
1.31041
1.66809
1.63259
1.43188
1.36088
1.60093
1.11149
1.41989
1.43363
1.65985
1.34642
1.58669
1.27888
1.35812
1.46003
1.56473
1.49128
1.31112
1.2829
1.53016
0.467268
0.421672
0.737573
1.33003
1.72131
1.60674
1.45872
1.39993
0.858745
1.0641
0.800308
1.37804
1.25708
1.58334
1.36951
1.40161
0.779142
0.529957
0.37551
1.41632
1.34475
1.488
1.47524
1.31315
1.48358
1.44063
1.56261
0.709099
1.52899
1.03922
0.834931
0.362113
1.41542
0.690628
1.09846
1.70404
1.52722
1.25815
1.33883
1.31363
1.44261
1.70171
1.35706
1.17196
1.29227
1.14802
1.44187
1.62492
1.51725
1.33575
1.23026
1.38726
1.19214
1.43646
1.19139
1.48934
1.28861
1.26408
1.43682
0.917995
1.18963
0.839883
0.681993
1.48423
1.46606
1.14678
1.12343
0.892613
1.45533
1.18765
1.30349
1.42009
1.09042
0.6586
0.809002
1.10034
0.416604
0.647705
0.500826
1.76407
1.7127
1.54896
1.35233
0.83082
1.30501
1.6192
0.87724
1.20648
1.06935
0.636496
0.684289
0.718408
1.58299
1.41872
1.50792
1.21642
2.00199
1.53849
1.70777
1.39128
1.53255
1.19004
0.975512
1.23088
1.43567
1.11253
1.39485
1.33254
1.39902
1.2953
1.6679
1.4493
1.37406
1.45806
1.26241
1.2016
1.22253
1.42103
1.64949
1.41769
1.16301
1.1126
1.6328
1.42957
1.42486
1.34918
1.55284
1.96894
1.62978
1.41142
1.58651
0.982874
0.411207
0.653364
0.608455
0.714101
0.484894
0.962528
0.586653
1.51735
1.44491
1.65152
1.73439
0.977514
1.44195
1.16354
1.52937
1.44554
0.620812
0.601949
0.445911
0.887755
0.946986
1.3948
1.62925
1.68539
1.2703
1.27499
1.39389
1.47779
1.18381
1.32236
1.33907
1.20354
0.953376
1.18834
1.43842
1.65717
1.21588
1.49416
0.994067
0.767802
1.43302
1.17268
1.40528
1.45899
1.11951
1.6008
1.57929
1.4339
1.42864
1.4777
1.38604
1.28065
1.30251
0.885526
0.495019
1.33327
1.39986
1.66844
0.808603
0.434281
0.530149
0.544156
0.602777
0.995406
0.512349
1.51884
1.20732
1.00576
1.19111
1.53085
1.55466
1.44447
1.51805
1.18006
1.31584
0.730799
0.538863
0.691741
0.508515
1.52764
1.11654
0.913425
1.41951
1.42746
0.865211
1.5024
0.845997
1.31188
1.55855
1.54708
1.41667
1.68084
1.29669
1.63707
1.38732
1.10148
1.35391
1.40617
0.941687
1.52335
1.47949
1.18752
0.851842
1.44864
1.51058
1.35369
1.34467
1.55524
1.37984
1.4704
1.55276
1.27025
0.917957
0.970701
1.37773
1.64975
1.46995
1.27069
0.436814
0.497337
1.0641
0.875539
0.619305
0.575091
0.802025
1.36093
1.10503
1.60757
1.61384
1.48811
1.52044
1.13396
1.37075
1.4191
1.46241
1.3799
1.18182
0.882667
0.554086
1.41977
0.431051
0.700584
1.51127
1.15166
1.26216
1.43793
0.965321
1.56015
1.41506
1.81977
1.44633
0.80945
1.21366
1.43868
1.72333
1.59829
1.65107
1.15214
1.07452
1.38496
1.80257
1.69876
1.16663
1.21889
1.41242
1.59201
1.34826
1.2806
1.41153
1.60357
1.39372
1.28575
1.34537
1.72615
1.49937
1.50979
1.14961
1.24696
0.670236
0.347755
0.383403
1.40258
0.681826
0.431452
1.11073
1.36528
0.933145
1.02557
1.41292
1.30925
1.39251
0.926233
1.53504
1.36371
1.41328
0.898205
1.51626
1.75405
1.44064
1.49785
1.04622
1.14557
1.12078
1.61017
1.08068
1.24007
1.43186
1.29408
1.38735
1.54181
1.25041
1.27671
1.53991
1.57172
1.23458
1.31663
1.28381
0.650146
1.40432
1.24951
1.44698
0.846737
1.59538
1.70407
1.53117
1.47234
1.43681
1.28526
1.38225
1.94731
1.55434
1.41444
1.41495
1.33526
1.34988
1.70401
1.66813
1.27118
1.20106
0.775449
0.93426
1.26928
0.586344
0.525908
1.32478
1.32197
0.773397
1.71494
1.76111
1.13829
1.37207
1.59622
1.268
0.879191
1.24994
1.36002
1.40862
1.33361
1.58483
1.39736
1.36293
1.69475
1.3423
1.53345
1.38158
1.20201
1.54361
1.58223
1.43264
1.53805
1.3167
1.48508
1.44702
1.12069
1.39893
0.956983
1.49133
1.35678
1.59923
0.619794
1.02338
0.992481
1.5871
1.45771
1.46545
1.44741
1.22355
1.50742
1.36931
1.31062
1.35019
1.59319
1.13383
1.25727
1.43217
1.31007
1.46829
1.66596
1.43677
0.957277
1.2879
1.39284
1.37099
1.45116
1.24851
1.20172
0.626738
1.47174
0.526468
0.557147
1.33934
1.36234
1.53835
1.52759
1.36384
1.29011
1.53276
1.55925
1.4916
1.01671
1.50335
1.5027
1.53018
1.57731
1.65464
1.27638
1.21384
1.19506
1.75293
1.42713
1.47915
0.754324
1.30637
1.03895
1.2433
1.21924
1.30474
1.41759
1.31083
1.30414
1.53785
0.928263
1.55456
1.04762
1.49795
1.49699
1.72275
1.42127
1.68049
0.821909
1.42786
1.50315
0.867073
1.09847
1.69481
1.66916
1.43384
1.33138
1.27897
1.75647
1.81094
1.81483
1.36143
1.43788
1.63689
0.508642
0.528071
1.03455
0.653258
0.392573
1.52435
1.33182
1.29709
1.32246
0.787859
1.14847
1.77017
0.970502
1.1626
1.11749
1.34074
1.18336
1.50876
1.2124
1.16428
1.39645
1.02544
1.26565
1.68747
1.58582
0.743894
1.10835
1.46948
1.80181
1.57631
1.30166
1.19969
1.41332
1.62186
1.45989
1.22726
1.79102
1.26394
1.43538
1.40874
1.24759
0.961235
1.30796
1.36273
0.747269
0.814876
0.682007
1.11248
0.666995
0.884618
1.34254
0.820135
1.0426
1.61599
1.48169
1.17313
1.38937
1.27536
1.01039
1.25119
0.478232
1.01421
0.755945
1.03716
0.722971
0.847614
0.981903
1.31837
1.41992
1.42179
1.10234
1.34278
1.38011
1.18526
1.59153
1.56821
1.44298
1.27526
1.73312
1.25214
1.16159
1.06454
1.08868
1.73792
1.79078
1.06158
1.71975
1.41145
1.74314
1.39212
1.46988
1.79219
1.49995
1.25593
1.23323
1.7475
1.48624
1.40639
1.20542
1.09003
0.999442
1.07675
0.991018
0.95331
0.925445
0.574919
0.376706
0.666676
1.05832
0.474665
1.09744
1.03247
1.351
1.29817
1.39104
1.30753
1.47152
1.02935
0.78388
1.35836
1.46074
0.56876
0.538663
0.862349
0.639047
0.705411
0.593284
1.28602
1.38593
0.585256
0.530217
0.865214
1.40933
1.32237
1.5674
1.41221
1.22871
1.67616
1.33731
1.42679
1.54889
1.07416
1.25444
1.05781
1.69287
1.49609
1.61959
0.639137
1.02845
0.788837
1.57462
1.2703
1.39371
1.36837
1.62026
1.40154
1.40948
1.53729
1.59445
1.07772
0.580347
1.06822
0.933984
0.440754
0.623138
0.612467
0.614802
0.681739
0.690434
0.59167
1.47237
1.40896
1.45538
1.3274
1.37041
1.57877
0.965358
1.36767
1.33787
0.980746
1.52785
1.35884
1.37437
0.394654
0.567385
0.99424
0.446217
0.917704
1.50914
0.68115
0.821724
0.78977
0.874399
0.976333
1.11316
1.13909
1.78883
2.01544
1.44325
1.3933
1.20769
1.48403
1.58148
1.20719
1.4349
1.4421
1.17328
0.728113
0.380113
0.60599
1.28642
1.35406
1.38147
1.46273
1.37961
1.47701
1.04306
1.1944
1.39388
1.00729
1.3296
0.516249
0.200125
0.319814
1.06601
0.350079
0.379848
0.561257
0.643386
0.466769
1.53785
1.47149
0.782791
1.41577
1.7366
1.50059
1.34866
1.38589
1.4513
1.55866
1.72665
1.39332
0.383029
0.448219
0.81673
0.579971
0.445516
0.556091
0.67
0.496568
0.55253
0.888612
1.47073
1.41738
1.18778
1.36345
0.834502
1.67251
1.90547
1.66903
1.4754
1.0233
1.01814
1.42108
1.2828
1.302
0.772366
0.485059
0.631097
1.02554
1.02405
1.33418
1.43222
1.64323
1.31248
1.28795
1.62737
1.66196
1.45031
1.70712
1.31691
0.684579
0.277374
0.382128
0.516364
0.41307
0.587458
0.486867
0.595988
1.11293
0.988601
1.15488
0.528054
0.86815
0.866972
0.775519
0.687436
0.90275
1.61207
1.1297
0.602753
0.944618
0.567405
0.323797
0.927689
0.833238
0.554477
0.551015
0.971566
0.706666
0.617098
1.23276
0.882491
1.71223
1.58765
1.57401
1.28665
1.13004
1.09204
1.21924
1.58116
1.49493
1.21779
1.50091
1.38839
1.05254
0.556632
0.717711
1.30029
1.51716
0.781033
1.13066
1.39764
1.30763
1.43771
1.45562
1.34878
1.32539
0.977087
1.38609
1.01043
0.72316
0.421208
0.79029
0.933381
0.503718
0.72186
0.666034
0.3902
0.573764
0.385845
0.509935
0.677951
0.594833
0.558939
0.301265
0.477572
0.422292
0.50316
0.709529
0.617697
0.916669
1.02019
1.0933
0.651884
0.603027
0.641089
0.791934
1.32404
0.876968
1.52556
1.42283
1.78098
1.48985
1.41851
1.70799
1.43417
1.3618
1.54522
1.42867
1.45604
1.44921
1.59129
1.57199
1.53816
1.28504
0.589788
0.562762
1.06191
1.07179
0.702975
1.38965
1.50917
1.01902
1.17069
1.29007
1.20306
1.0606
1.63958
1.27189
1.43372
0.766603
0.815246
1.30041
0.684376
0.721398
0.599716
0.731023
0.526154
0.396427
0.893377
0.475165
0.629716
0.941819
0.69307
0.801052
0.442902
0.490008
0.378785
0.472155
0.967412
0.776867
0.904519
0.384948
0.471325
0.684291
0.714136
0.698902
1.54148
1.29587
1.42349
1.66157
1.45067
1.39027
1.63801
1.56758
1.54216
1.58031
1.44838
1.17523
1.42615
1.56266
1.28622
1.29657
1.13021
1.28047
1.53227
1.76189
1.22646
1.22791
0.797441
1.4258
1.089
1.19908
1.16312
1.08514
1.40977
1.31729
1.10146
0.73729
0.671694
0.609422
0.524758
0.923076
0.585103
0.531535
0.533222
0.60824
0.752221
0.554772
0.561316
0.432297
0.709574
0.832051
0.686135
0.718972
0.594516
1.00434
0.553509
0.848983
0.730629
0.752818
0.423338
0.919742
0.486341
0.356604
0.531142
1.35346
1.00947
1.21077
1.3892
1.82439
1.55559
1.57225
1.34268
1.14013
1.23976
1.68205
1.40458
1.09194
1.35868
1.49442
1.14782
1.57414
1.56632
1.54767
1.39748
1.21581
0.725816
1.80027
1.24363
0.801636
1.42658
1.15478
0.543487
0.389247
1.13617
1.78512
1.16441
0.830681
0.727801
0.666705
0.915024
0.837375
0.652951
0.796689
0.444004
0.888001
0.395811
0.775393
0.392837
0.694798
0.625356
0.446133
0.824313
0.860374
0.652202
0.704448
0.392999
0.696863
0.910845
0.552521
0.530276
0.675068
0.907731
0.456085
0.686036
1.1763
1.27747
1.27601
1.18745
0.71427
1.52764
1.22189
1.51345
1.67035
1.31837
1.46517
1.27083
1.38676
1.34735
1.30185
1.38695
1.46138
1.61057
1.54038
1.56726
1.36305
1.3175
1.30603
1.78528
1.59161
1.45866
1.4826
0.74772
0.856957
0.915742
0.629494
0.514722
0.442308
0.564885
0.480527
0.578812
0.704837
0.542653
0.314164
0.417881
0.773934
1.03755
0.706773
0.53868
0.590788
0.571522
1.42994
0.655462
0.541514
0.477631
0.382841
0.583296
0.693596
0.644356
1.08732
0.51107
0.661636
0.792757
0.739909
0.573379
1.4986
1.30639
1.35556
1.77997
1.54359
1.49458
1.49227
1.24114
1.66273
1.89104
1.28773
1.21065
1.79628
1.23179
1.04389
1.68506
1.36021
0.902511
1.33823
1.38889
1.07402
1.46305
1.41284
1.33701
0.86998
0.92956
1.5598
0.915277
0.797638
0.469914
0.40342
0.654087
0.593151
0.774232
0.821929
0.475287
0.340758
0.458391
0.597973
0.41398
0.516579
0.877615
0.791987
0.478154
0.69143
0.439721
1.1103
1.4701
0.652554
0.677727
0.659585
0.70738
0.581038
0.34831
1.00218
0.923334
1.34413
1.63877
0.524918
0.919145
1.74208
1.25977
1.57837
1.30997
1.20596
1.21436
1.5493
1.60483
1.2088
1.10671
1.51388
0.556973
1.184
1.47013
1.3506
1.11562
1.57982
0.717961
0.618919
1.11871
0.946752
1.47189
1.42768
1.62896
1.39306
1.48517
1.62338
0.832938
0.846562
0.584738
0.396924
0.635909
0.624376
0.919704
0.450161
0.559361
0.547851
0.361446
0.674564
0.856661
0.486319
0.818478
0.765644
0.596156
0.673164
0.492792
0.428338
0.494022
0.773434
0.648818
1.15808
0.615683
0.604697
0.467557
0.642026
0.830555
0.810205
0.809844
0.571145
1.41983
1.50136
1.62017
1.02591
1.5053
1.383
1.49324
1.71074
1.4696
1.90189
1.73272
1.22687
0.42095
0.418445
1.56206
0.985903
0.604806
0.796168
0.737267
0.718979
0.91897
0.40777
0.511464
0.39896
1.27024
1.51611
1.38225
0.567685
0.536663
0.820004
0.725982
0.554364
0.915505
0.42496
0.676776
0.668984
0.547894
0.625709
0.8355
0.897884
1.29644
0.975198
1.0056
1.63339
0.601655
0.866147
0.399095
0.618719
0.329124
0.401763
0.633218
0.797155
0.623643
0.640261
0.572203
0.965502
0.316075
0.422561
0.467912
0.743921
0.831443
1.32707
1.4712
1.46146
1.66381
1.03499
0.89044
1.59153
1.47842
1.24339
1.62684
1.5067
0.690675
0.508986
0.332771
0.674721
1.034
0.651848
0.780281
0.710018
0.485641
0.556302
1.1353
0.79694
1.76198
1.2437
0.5905
0.399532
0.417877
0.574939
0.459615
0.443571
0.376578
0.53534
0.338088
0.438478
0.661568
0.435609
0.357223
0.781238
0.926742
1.14992
1.03249
0.636406
0.411436
0.613133
0.748557
0.628299
0.638172
0.859542
0.613297
0.492109
0.64288
0.484307
0.979962
0.498598
0.743871
0.528509
0.545057
0.53848
0.626952
1.22552
1.44554
1.16523
0.741577
0.484969
0.371944
1.51746
1.32881
1.57841
1.25758
1.41666
0.729664
0.466888
0.587166
0.508855
0.478231
1.08124
1.33732
0.700336
0.446254
0.67284
0.642212
0.631317
0.996488
0.848226
0.848526
0.645295
0.629695
0.509341
0.548376
0.42576
0.598033
0.501755
0.428751
0.686163
1.12116
0.865988
0.440332
0.795456
0.629072
0.590777
0.252064
0.717223
0.791628
0.951076
1.23687
0.682306
0.722566
0.580286
0.492687
0.322872
0.567405
0.556138
0.479125
0.59335
0.678882
0.558727
0.491372
0.425503
0.536835
0.783242
1.50371
1.3632
1.43572
0.740359
0.950027
1.15568
1.63874
1.46261
1.56385
1.44856
0.93862
0.620273
0.576064
0.514333
0.574862
0.492436
0.551949
0.544555
0.479133
0.563773
0.883444
0.970603
0.730938
0.736032
0.699848
0.464562
0.791357
0.658733
0.521156
0.706945
0.327994
0.83563
0.517377
0.367607
0.560067
0.711061
0.503323
0.534121
0.473486
0.636023
0.446587
0.619773
0.639239
0.486478
0.501036
0.429296
0.658905
0.521407
0.540913
0.756978
0.55625
0.46011
0.50497
0.47661
0.656879
0.570372
0.523292
0.773257
0.253303
0.858757
1.5644
1.60467
1.17415
1.236
1.10972
1.13579
1.03632
1.46975
1.52156
1.64198
1.39981
0.6669
0.661084
0.612377
0.560519
0.466481
0.247143
0.466901
0.482334
0.624279
0.725163
0.780816
0.704506
0.570669
0.572759
0.626579
1.03849
1.05535
0.526214
0.685169
0.652968
0.595886
0.492032
0.657549
0.549389
0.719971
0.381717
0.36838
0.404441
0.36882
0.67873
0.51053
0.398972
0.719359
0.667539
0.914779
0.517965
1.28014
0.602631
0.433635
0.76362
0.901631
0.875727
0.472458
0.713544
1.07391
0.784825
0.648198
1.34634
0.391513
1.18219
1.45453
1.28155
0.574929
0.757834
1.04342
0.748453
1.26888
0.824897
1.31988
1.48054
0.707712
0.471766
0.73205
0.665333
0.460838
0.527811
0.625132
0.453736
0.769939
0.516043
0.734571
0.749879
0.372831
0.550864
0.634021
0.436833
0.567037
0.995665
0.566315
0.37914
0.273757
0.507109
0.48517
0.409957
0.633921
0.555079
0.519099
0.566619
0.432873
0.464868
0.577396
0.334822
0.739168
0.778894
0.725064
0.384676
0.583238
0.557488
0.454542
0.511905
0.565056
0.723705
0.436622
0.488174
1.29905
0.919913
0.523829
0.766329
0.437728
1.33977
1.42047
0.48728
0.452435
0.650054
0.59514
0.747091
0.934971
0.555147
0.753362
0.968828
0.56536
0.721403
0.874365
0.719753
0.32825
0.39434
0.48275
0.609793
1.32274
0.515303
0.683738
0.770535
0.525124
0.918205
0.403063
0.941673
0.475686
0.833041
0.67713
0.717876
1.23106
1.61382
0.427005
0.806004
0.723637
0.352237
0.769727
1.26621
1.69046
0.724347
0.349105
0.986241
0.536162
1.0477
0.907034
0.382776
0.63486
0.5383
0.667337
0.420638
0.542388
0.504591
0.306011
0.546881
1.14335
1.28475
1.08289
1.20125
0.7259
1.1129
1.28194
0.450641
0.638814
0.698218
1.35502
0.640731
0.442495
0.659758
0.626097
0.584759
0.486144
0.539558
1.06708
0.59103
0.408257
0.395504
0.604013
0.747786
0.861445
0.57807
0.473068
0.557703
0.460337
1.01657
