1.61855
1.02376
0.00624272
0.655926
0.712548
1.15001
0.919971
0.999789
0.35664
1.32096
1.60556
0.808994
0.0165809
0.529482
1.11076
1.45466
0.987939
1.9632
1.34477
0.196094
0.161807
0.722113
0.0629385
1.4487
1.53889
0.612384
0.192788
0.518038
0.17074
1.80461
1.46328
0.268657
1.88633
1.55849
1.63187
1.55823
0.788868
0.433154
0.967746
1.0773
1.97142
1.36449
1.38152
0.292971
1.68693
1.00735
0.235791
0.747913
1.52186
1.47568
1.99508
0.130481
1.40164
1.33328
1.08911
1.05421
1.4785
0.381039
1.07149
1.33692
1.89951
0.940147
1.5317
0.585397
1.34335
1.81185
1.88408
1.82747
1.56476
0.602473
0.236648
1.37295
0.23317
1.05151
1.00199
1.79518
0.527996
0.644347
1.2528
0.246085
1.31587
0.156443
1.76102
0.0192398
0.933913
1.48833
1.21854
0.401777
1.35915
0.0210652
0.578387
1.91732
0.658987
0.416933
0.848841
0.36321
0.375962
1.37365
1.09169
0.631721
1.07496
1.81122
0.33181
0.551308
0.0609262
0.00230094
0.0229336
0.20272
1.09353
0.743453
0.0363873
1.38078
1.83125
1.4645
0.684104
0.124768
1.20207
0.762204
1.69603
1.26582
1.77984
1.67479
0.914753
0.799382
1.6909
0.340754
0.120305
1.10517
0.678049
1.9094
0.7247
0.498083
1.14611
1.69446
1.11131
1.21187
1.71069
1.82778
1.55033
1.93396
1.21011
1.40123
1.35693
0.822556
0.264753
0.778764
0.265197
1.98814
0.0603833
0.740983
1.64098
1.61588
0.0239179
0.598859
0.603266
1.14319
0.748549
0.515483
1.84318
1.60046
1.27468
0.511964
0.711809
1.82027
1.58486
0.380841
1.77436
0.671403
1.04752
0.890106
1.18998
0.373408
1.73127
1.42391
0.170328
1.16922
1.38947
1.65815
0.933692
1.92955
1.46307
0.281237
0.90232
0.993265
0.827915
0.849126
1.63905
0.119908
0.574333
0.43206
0.183951
1.13577
1.57833
0.543785
0.428307
0.656342
1.33453
0.260096
1.31314
0.232136
0.40223
0.141771
1.97462
1.42968
0.426349
0.0897135
1.593
1.48878
0.134308
0.804917
0.188446
1.31137
0.142764
1.49688
0.298644
1.5342
1.72978
1.73397
0.421151
0.842028
0.448446
1.65983
1.56218
0.990541
1.83762
0.0457257
1.22438
0.938738
1.51795
0.986726
0.403028
0.583704
1.80348
0.0663207
0.0384399
1.46897
0.523464
0.535839
1.60388
1.25581
0.353032
0.493892
0.540735
1.18311
0.296465
1.09274
0.346607
1.48006
1.23183
1.76088
0.69789
0.174776
1.74499
0.571663
1.40733
1.34359
1.71512
1.00219
1.75075
1.92759
1.57962
1.45858
1.91349
1.95391
1.94258
1.2238
0.75834
1.14957
0.0520611
0.635061
1.16578
0.469604
0.943534
0.859096
0.197027
1.30887
1.74485
0.304234
1.65039
0.126347
0.199919
1.79275
0.185581
0.551052
1.11939
0.118467
1.96758
1.82421
1.97998
0.999407
0.689103
0.0920834
1.44953
0.429303
0.9511
0.108868
1.83362
1.16346
0.703458
1.39166
0.202029
0.946219
0.957038
1.85735
1.19656
0.204662
1.29615
0.839698
0.4173
1.88883
1.61205
0.412666
1.2848
1.07696
1.47412
0.97997
1.89629
0.183184
1.57425
1.35815
1.85466
0.26522
1.09182
0.204312
0.850797
0.0389679
0.168939
0.662808
1.97665
0.732145
0.698548
0.900723
1.2165
1.77958
0.441996
1.3013
1.49599
1.04242
1.44088
0.431697
0.253139
1.37334
1.37718
1.66228
0.475764
1.5511
1.93022
0.191615
1.77058
0.317537
1.91762
0.906016
1.84718
1.51503
0.547672
0.491459
1.1172
0.64253
0.832573
1.63803
1.6602
0.214711
1.8028
0.792866
0.145792
1.07065
1.86674
0.650245
0.627583
1.28714
1.23036
0.560514
0.335554
0.905088
0.214744
0.307552
0.614234
0.881962
1.02112
1.15248
0.228287
1.83798
1.34
1.43353
1.60174
1.29383
1.05966
1.84705
0.149524
1.09477
0.769241
1.37983
0.761794
1.10103
1.28244
0.231283
0.737141
0.979447
0.349321
0.4793
0.526956
0.554947
1.03277
0.619567
0.295498
1.91556
1.89118
0.0617307
0.612455
1.04635
0.573168
0.905393
0.297748
0.951358
0.563303
1.45161
0.827435
0.673632
1.29904
0.349531
0.576312
0.236767
0.668189
1.2195
1.68624
1.43202
1.33026
1.78301
1.51135
1.51649
1.45775
1.36304
0.530114
1.95665
1.37009
1.11938
0.40241
1.72687
1.1688
0.880327
1.76463
0.817849
1.74348
1.43909
1.70036
0.135852
1.89504
1.8591
1.60851
1.67961
0.614402
0.182091
1.52515
1.34459
1.36533
1.65369
0.25081
1.71364
1.44359
1.34285
1.9167
1.60363
1.60709
0.9214
1.38077
1.25854
1.9567
0.65649
0.0249258
1.28974
1.04323
1.82771
0.216933
1.84758
1.29989
0.328506
0.324266
1.51357
1.22861
1.75091
1.99562
0.03708
0.179142
0.674981
1.31218
0.484889
1.46143
1.47899
0.612623
0.390942
1.42786
1.69558
0.0769929
1.87689
0.97168
0.860402
1.59054
1.74929
0.252952
0.162596
0.282905
1.34929
1.7397
1.34933
0.765595
0.402638
1.56657
1.86395
0.33623
0.190879
0.588248
1.54162
0.765599
0.663298
1.77976
0.218599
0.504477
1.85402
1.47952
1.11583
1.09469
0.856478
0.999058
1.4123
0.0954454
0.518592
0.6008
0.66809
0.0662198
0.687768
0.634638
0.556827
1.63953
0.261978
1.52651
1.57721
1.32485
0.436967
0.563898
0.152475
0.593214
1.78981
1.08832
1.32125
1.2659
1.79399
0.47317
1.52234
1.15054
0.355871
0.584462
1.82002
0.539986
0.563803
1.84771
0.829355
0.555402
1.99778
0.031651
0.0537821
0.2028
1.58859
1.41105
0.68202
1.66975
1.5589
1.57273
0.870354
0.256811
1.92174
0.460477
0.747849
0.501253
0.639179
0.255061
0.901436
0.465193
1.04815
0.178412
1.75457
1.94563
1.11488
0.163688
1.23978
0.96602
0.0434286
0.272295
0.45587
0.228234
0.491054
0.175383
0.216737
0.65077
1.10073
1.17397
1.24265
1.17922
1.38002
0.126022
0.0284788
0.191642
0.309192
0.798777
0.973594
1.19735
0.305418
1.93267
1.39249
0.956714
1.3339
0.0453886
1.47288
1.14277
1.89945
0.441693
0.751394
1.94029
0.353263
1.88255
0.67612
0.750881
0.976972
1.87766
0.421593
0.935771
1.6158
1.68987
1.62866
0.952818
0.0570027
1.42572
1.82197
1.02822
0.073334
0.732503
0.850557
0.60147
1.26369
0.724095
1.29337
1.12547
0.457886
0.0233002
1.34544
1.17886
1.22
0.292092
0.86582
0.685469
1.05033
1.45947
1.94167
0.597288
0.449261
0.811804
1.35596
0.526205
0.031358
0.659384
0.862509
1.21105
0.587082
1.67684
0.350507
0.704611
1.43119
1.67239
0.380073
1.67582
1.6767
1.27721
0.241338
0.291353
1.84093
1.1549
1.08878
0.794265
1.67349
0.410248
0.633655
0.921595
0.420077
1.89211
0.777143
0.386153
0.795315
1.09581
1.43397
0.493919
0.138033
0.929918
0.0545792
0.125362
1.28325
0.751415
1.88775
0.585406
1.84303
1.19005
0.402996
0.504003
1.23393
0.697749
0.52113
1.14183
0.210329
1.15243
0.526113
0.199642
1.88629
1.79037
1.39866
1.00453
1.5005
0.78492
0.193429
1.55996
0.939082
1.2238
0.830392
0.209501
0.845719
0.994169
1.75967
0.743819
1.88583
0.640596
1.76182
0.357286
1.16635
0.785453
1.18657
0.567466
1.36451
0.014502
0.635414
1.04887
0.296883
0.673256
0.715221
1.28322
0.563367
1.24293
1.49544
0.909777
0.987938
1.87099
0.312584
1.39959
0.759356
0.69549
1.92432
0.325796
0.906
1.85735
0.865822
0.174609
1.2869
0.357747
0.0986081
1.29151
1.20432
0.892053
1.07498
1.29042
0.743263
0.953447
1.17347
0.470176
0.706921
1.27821
0.373987
1.57366
1.50768
0.285323
0.978189
0.787913
0.121494
1.07652
0.428411
0.551968
0.0703439
0.591421
0.718921
1.04482
0.528932
0.891541
0.554576
0.747541
0.0763082
0.18724
0.219157
0.804608
1.09285
0.731072
1.91668
0.564926
1.00101
0.599467
1.52151
1.66999
1.27735
1.79078
1.98552
1.17261
0.0503976
1.29371
1.59811
0.976684
1.09747
0.386134
0.0926045
0.448753
1.79165
0.0392843
0.00809776
1.19758
0.902613
0.583661
0.980937
1.47929
1.26851
1.99521
1.95464
0.980843
0.364588
1.14956
0.03247
1.11466
1.95179
0.333518
1.37844
0.676713
1.21922
0.969277
1.51079
1.68412
0.944025
0.205124
0.437253
0.179196
1.41311
0.754351
0.427353
1.62064
0.986538
0.646996
1.51394
0.933924
1.19165
1.84477
1.66243
0.0439597
0.0534979
0.59857
1.39878
1.14357
0.304829
1.8638
1.13644
0.148497
0.21849
1.46974
1.1682
1.41038
1.33783
1.17819
1.3702
1.10855
0.876325
0.927458
1.94616
0.930316
0.213769
0.454948
0.516891
0.823992
1.95804
1.63318
1.19348
0.32216
0.861935
0.0727697
0.471863
0.0634271
1.76755
0.718381
0.939001
0.0398752
0.830909
0.144456
0.940949
1.97546
1.37052
0.391442
0.838782
1.84999
0.639462
0.811414
1.68509
0.0436194
1.05028
0.551905
0.802643
1.89791
1.41925
1.53574
0.108038
0.613776
1.61032
0.611808
0.7465
0.951459
0.635294
1.296
1.22149
0.838163
1.14658
1.60754
1.2282
0.62487
1.10645
0.967625
0.54584
1.07192
0.712193
1.78648
0.271225
1.64277
0.487921
1.81584
1.19514
0.442817
0.98909
0.276807
1.1636
0.223983
0.356149
1.91433
0.0793015
0.0595564
1.81317
0.371794
0.421343
1.96754
1.95007
0.499426
0.0176987
0.982953
1.10556
0.973473
0.656505
1.41717
0.69793
0.684462
1.44432
1.865
1.22212
0.109315
0.968767
1.62214
0.997147
1.32653
0.291683
0.932315
0.45269
0.218941
1.74157
1.6544
0.322979
0.93683
1.16152
1.91459
0.65785
1.9505
0.0929067
1.22932
0.75834
1.07522
0.18626
0.621107
0.717421
0.911507
0.470499
0.574546
1.63987
1.94077
0.827009
0.393692
1.20503
0.703754
0.725111
1.64259
1.75423
0.209197
1.93828
1.16759
0.545158
0.244491
1.58323
1.92144
1.37691
0.549188
0.613342
0.86622
0.463274
1.69184
1.21192
1.19239
1.85726
0.740146
0.227081
0.8167
0.586143
1.85263
0.334576
0.15587
0.68514
1.74075
0.314708
0.811738
1.76754
0.610288
1.72685
0.579214
1.7971
0.655237
1.79362
1.19242
0.724621
1.8177
0.188263
0.791637
1.74021
1.39548
0.679056
1.49669
0.539619
1.4426
1.56916
1.25294
0.629184
1.24025
0.671546
0.238286
1.84425
0.729242
0.128669
1.83189
1.35846
1.84093
0.726759
0.896385
1.91687
1.75763
0.459698
0.259419
0.548316
0.192533
0.875503
1.95615
1.14397
0.325596
1.42788
1.90861
1.61366
0.0180081
1.8213
0.173487
1.01859
0.967763
0.594897
1.95143
1.84528
0.880367
1.16157
1.93199
0.329111
1.55747
0.298808
1.39155
0.662652
1.25638
1.12439
1.00537
1.00859
0.834103
1.97024
1.63228
0.663715
1.70023
0.145778
0.642021
0.444318
0.525225
0.137288
1.71764
1.62111
0.13022
0.943857
0.282808
1.63928
1.75121
1.86743
1.8206
1.98803
0.864323
1.03933
1.18954
0.859537
1.08094
1.7976
0.486041
1.98937
0.141291
0.738034
1.67182
0.862384
0.368156
0.314313
0.0580691
1.78602
1.60628
1.59568
0.972412
0.694421
1.78563
1.8725
0.191039
0.775295
0.285484
0.0527211
1.73462
1.61951
1.58422
1.04397
1.02488
1.14608
0.0551563
1.93095
1.36769
1.81032
0.520086
1.78388
0.973183
0.234119
0.101245
1.70184
0.730774
1.76268
0.051563
0.0501852
1.60426
0.0928856
1.62647
0.28402
1.88977
0.38571
1.71477
1.74217
0.896845
0.862696
0.347586
0.786601
0.343792
1.87789
1.64549
0.175909
0.754755
1.04688
1.00491
0.171251
0.488625
1.69797
1.03747
1.39403
1.65915
0.887431
0.576371
1.69041
0.657872
1.9097
0.631114
0.523016
1.73907
1.95938
1.69766
1.79815
1.13781
1.36727
0.924572
0.997242
1.37394
1.74032
0.368999
0.568193
0.145176
0.212773
0.717069
0.0579093
1.4313
1.49389
0.778552
1.40546
1.25442
0.537039
1.95751
1.09193
0.538908
0.0521839
0.110987
1.42416
0.484714
0.366064
0.98529
1.79772
0.250285
1.7942
1.86725
0.321368
0.32455
1.69486
1.59089
1.34161
1.4395
0.541129
1.66627
0.0664871
0.295803
0.0387662
1.89431
1.32565
1.6277
0.749746
1.63015
1.564
1.49519
1.9712
0.419084
1.38094
1.125
1.97782
0.677956
0.660452
1.15475
1.86765
1.24716
1.19065
0.0750035
0.437836
0.993628
0.33764
1.17063
1.84767
0.852621
1.84415
0.812811
0.744681
0.326406
1.81753
0.283724
1.04045
1.26861
1.94847
1.96807
1.79502
1.42005
0.04878
1.62466
1.71416
1.91203
0.456839
1.45486
0.317384
1.72362
1.49675
1.90546
0.645371
1.74186
0.70147
1.76684
0.472175
0.790508
0.722678
1.66977
1.63081
0.908503
1.061
1.17755
0.0448383
0.544713
0.888685
1.13952
1.03396
0.201132
1.21826
1.94251
1.11949
0.0899052
0.0944838
0.724026
0.0751555
0.650338
0.791116
0.0890564
1.90983
1.24357
1.99691
0.538186
1.76899
0.0515852
1.75949
0.861741
1.43669
0.875335
0.797151
0.73386
0.199393
0.640884
1.44232
1.90854
0.416102
0.0426699
0.0511202
0.639932
1.38304
0.871019
0.203769
0.472766
1.84242
0.0687046
1.11867
0.841471
0.881106
0.764609
0.154762
1.97122
1.49883
1.66042
1.99873
0.41369
1.17086
0.550951
0.97584
1.99248
1.80984
0.633226
0.542467
0.55502
0.632306
0.386675
1.2143
1.51457
0.566726
0.68643
0.315254
1.84327
0.567089
0.308197
0.18886
0.59108
0.536297
1.07593
0.689453
0.894203
0.295136
1.77378
1.43025
1.89924
1.57846
0.187199
0.676645
0.537986
1.51967
1.9221
0.10994
0.878273
0.607165
0.996699
1.93701
0.879921
0.533767
1.82983
1.95411
1.8882
0.639604
1.02904
0.761491
1.20828
0.813053
1.86282
0.764349
1.58803
1.43909
0.298451
1.74792
0.757129
1.63586
0.752324
1.4996
0.47014
1.66804
0.552091
1.88654
0.182572
0.896864
1.86454
0.39397
1.79843
0.257441
0.0580681
0.38786
1.351
1.21527
0.170461
1.52757
1.88063
1.16144
1.18056
0.342164
1.93869
1.52026
1.69377
1.46863
0.526077
1.20315
1.88229
1.49396
1.34148
0.749551
1.83597
1.59369
1.05467
0.474619
1.97474
1.39331
1.15182
0.760228
0.581125
0.211896
1.98409
0.473561
0.562778
0.301358
1.78306
0.567201
0.104779
0.657433
0.759015
1.2879
1.78734
1.76208
0.840935
0.754207
0.0409638
1.96164
0.143615
1.74607
0.420428
1.3141
1.45777
0.279094
0.691416
1.21348
1.73874
0.978013
0.303062
0.200277
1.66092
0.207103
0.735062
1.11367
1.65833
1.66159
0.680963
1.78256
0.542966
0.449586
0.337412
1.62081
0.0239378
1.97851
1.9284
1.68216
1.65294
0.398243
0.377406
1.12593
1.07628
0.920253
1.74625
0.859593
0.0679395
0.639634
0.859073
0.383538
1.15136
1.49848
1.57619
0.164096
0.594727
0.880159
0.684744
0.0473993
1.29701
0.148472
1.15583
0.739897
1.17313
1.41179
1.106
1.4568
1.15636
1.84616
0.0478085
0.732333
1.51623
1.16795
0.936437
1.54626
1.46631
0.983003
1.29185
1.50648
1.89208
0.839321
0.913788
1.86646
1.52879
0.814132
0.23209
0.618237
0.664089
0.381156
1.73297
1.72927
1.30036
1.24936
1.73169
0.772479
0.703935
0.732381
0.765224
0.425765
1.57161
1.32836
1.26001
1.0173
1.37302
0.351517
1.64977
0.553425
1.45412
1.64022
1.22823
0.352311
1.80516
1.72131
1.38518
0.804774
1.7942
0.676401
1.28066
0.207252
0.212602
0.816193
0.588138
0.535318
1.57861
0.434717
1.14175
0.60973
0.546098
1.38
1.70152
1.64505
0.10121
0.567528
0.543449
1.70071
0.749295
0.624871
0.41103
0.901111
0.0114369
0.444931
0.133847
1.51968
1.40066
0.515718
1.67459
0.792773
0.919913
0.227213
0.773358
0.585467
0.3427
0.326824
0.420856
1.04691
1.59375
1.36928
0.854566
0.619628
0.490791
0.522671
1.27184
1.41006
1.25204
0.387062
0.157611
0.241274
1.35063
1.14573
1.04125
0.993867
1.06414
1.10116
0.900456
0.194908
1.38861
1.5862
0.912094
0.329503
1.51884
0.161407
1.04879
0.897412
1.39049
1.0017
0.910711
0.700778
1.86172
0.224753
1.1235
0.677267
1.73649
0.849423
1.71413
1.90401
0.27775
0.711429
1.28742
0.578745
0.113941
1.87078
0.422204
0.0674204
0.697088
1.73004
0.0004766
0.691426
1.65452
0.00997728
1.89718
1.61128
0.402389
0.948301
0.454641
0.427969
0.172573
0.354479
1.77843
1.62257
1.48544
0.281745
1.44934
0.0974241
0.473386
1.53684
0.821791
1.16195
1.46772
1.11904
0.713213
0.98695
0.267728
0.0535586
1.13475
1.72896
1.70646
1.96807
1.51994
1.93443
1.52794
0.481156
1.2099
1.45532
0.058792
0.393133
1.55427
1.75829
1.53802
0.718926
1.99662
0.984388
1.59328
0.669037
0.227112
0.875048
1.88191
1.26419
0.636279
0.879722
0.626418
0.00830923
0.147874
0.747334
1.59873
1.87608
0.435602
0.651902
1.47545
1.9275
1.8545
1.99043
0.163322
0.840467
1.37773
0.749049
0.401874
1.21157
1.6775
0.811049
1.2139
1.72484
1.40102
0.673495
1.00605
1.50317
1.49266
1.10504
1.40108
0.416225
0.0346478
0.00967299
1.70324
1.33447
0.089921
0.111845
0.613628
1.80729
1.05451
0.668829
1.28267
0.145977
0.19307
0.928747
0.438238
0.90576
1.51092
1.4931
0.945629
1.00737
0.372811
1.61517
0.227841
0.256148
0.223548
1.29479
0.511909
0.237272
0.691252
1.57752
1.99683
1.42556
1.20148
0.427482
1.56968
0.497135
1.02983
0.869383
0.114957
0.829827
0.57764
1.22435
1.08243
0.442149
0.308655
1.17565
1.63891
1.84147
1.04699
0.842891
1.85369
0.579624
1.40075
1.69862
0.528289
0.740678
1.66594
1.22951
1.10966
0.389026
0.00284241
0.752002
0.092704
0.788277
1.50372
1.77778
1.57366
0.0143212
1.52256
0.465055
0.0173883
1.63474
1.38467
1.82131
0.839423
0.431959
1.3068
1.56835
0.366427
1.365
0.522945
1.62333
1.79755
1.00446
0.790804
1.46631
1.2199
1.64748
1.11715
0.437523
0.966938
1.95993
0.0179258
1.45279
1.81902
1.41527
0.0753761
1.08171
1.47465
0.353281
1.10234
0.525684
1.69711
1.25674
1.40318
0.524359
0.180365
0.306321
1.85671
0.817854
0.0590274
1.10866
1.12028
0.787749
1.30091
0.346863
0.271865
1.7344
1.971
0.692816
0.853386
0.279292
1.50514
0.617165
0.930512
1.03188
0.475542
0.41294
1.99998
1.07679
1.18251
1.50535
1.10406
0.319251
0.115125
1.59995
1.32377
1.73698
0.45063
0.221905
1.7764
1.23665
1.54133
0.611503
0.383656
0.44378
1.07281
1.34879
1.51309
1.0488
0.758716
0.555544
0.564786
0.183755
1.17447
0.287295
1.41736
0.0835782
0.541476
0.520155
0.905314
0.18472
1.56089
0.771754
0.407969
0.530069
0.0248378
0.465226
0.696842
0.284967
1.1989
1.73558
1.72188
0.231347
0.44239
1.52626
0.228389
1.08824
0.752447
1.70259
1.75684
0.987406
1.11288
0.931965
0.770631
0.286467
0.85714
1.13745
1.81614
0.750501
1.87427
0.791588
0.82446
1.81864
1.4702
1.58812
1.92996
1.29148
0.461786
1.09183
1.05977
1.95168
1.15638
0.183401
1.43229
1.03948
1.00353
0.022884
0.535024
1.87121
1.35161
1.19806
1.09443
0.299616
1.76201
0.783798
1.18988
1.97113
1.48361
1.11898
1.83629
0.023198
1.61944
1.66622
1.48421
0.657688
0.939347
0.28069
0.81606
1.61126
0.596382
0.732578
1.10229
0.826143
0.266928
0.198324
1.07436
1.78252
1.40611
1.65606
1.16877
0.318868
1.6253
1.74541
1.62726
0.709819
0.176615
0.976851
1.3831
1.05227
1.66505
0.148121
0.572547
0.906499
0.107201
1.03968
0.264924
0.924101
0.855962
0.845825
1.63732
1.47695
1.94832
1.31157
1.06005
0.370646
1.68873
0.695177
1.55593
0.553705
1.98284
0.0899459
0.882121
1.70543
0.756757
1.58201
0.742514
0.00531609
0.540736
1.67
1.09693
1.19574
0.753765
0.106148
1.3928
0.712887
1.2972
0.661708
0.674153
0.680077
0.962846
1.28357
0.510068
1.68941
0.211014
1.53284
1.80192
1.38042
0.799542
1.75489
1.8646
1.99511
1.60595
0.201647
1.64282
1.59459
1.11314
1.43157
0.301114
0.367684
0.467237
0.954581
1.219
1.52707
1.64495
1.79781
1.34833
1.88225
1.32904
0.291367
1.51266
1.85495
0.683048
0.113456
1.07371
0.838096
1.71772
1.03109
0.645864
0.153176
1.6567
0.657541
0.533264
0.546624
0.0833356
1.26041
1.12325
0.499406
0.953067
1.94405
0.93547
1.33954
0.378003
1.49411
0.31983
0.358397
0.955841
1.41848
0.384349
1.19904
1.45522
1.97004
0.829416
0.0528042
1.9102
0.763085
1.41267
0.731568
0.583458
0.513425
1.69765
1.87455
0.109741
0.136836
0.0587854
1.53735
1.22244
1.95786
1.99974
0.766527
1.45947
0.647454
0.135231
0.461585
0.611943
1.53055
1.08919
1.29311
0.955605
1.10289
1.39717
1.14223
1.2092
0.486767
0.587794
0.736445
0.163094
1.9618
0.996173
0.489841
1.74606
0.312636
1.57362
0.592264
0.582517
1.29483
0.321896
0.825861
1.15508
1.36807
1.53215
0.966323
1.02074
0.586644
0.897948
0.284702
1.09597
1.19413
0.887587
1.26237
0.86985
1.92022
1.25955
1.35555
1.79007
0.181808
1.91654
0.512445
1.83072
1.19432
1.78812
1.08218
0.147398
0.691831
0.199224
1.42448
1.52523
1.31248
0.926225
0.560672
0.382932
1.47472
1.37509
1.56295
0.964432
1.22864
1.29493
0.543211
0.798996
1.66726
1.37954
0.764396
0.221434
1.37662
1.28128
1.55101
0.360125
1.4914
0.711687
1.88723
0.63904
1.53927
0.267498
1.03608
1.43745
1.23804
1.33594
0.576776
0.697182
1.807
1.07321
1.55563
1.46756
1.4236
1.62141
1.00516
1.74112
1.49718
1.85374
0.432624
1.97532
1.45052
0.101908
0.294109
0.304258
0.812718
1.25977
1.94833
0.654571
1.29152
1.86717
0.537032
0.0859437
1.76615
1.06943
0.584997
1.85042
0.487401
0.952353
0.0760148
0.777062
0.0369792
1.86573
0.32116
1.42628
1.2998
0.328473
1.69422
1.7153
0.454885
1.18341
1.31094
1.00136
0.0239672
0.832262
0.221163
1.85793
1.28066
1.80839
1.0602
1.58701
0.116562
0.14779
0.845777
0.217942
0.126997
1.09403
1.99838
0.098772
0.185719
0.94158
1.66815
0.591396
0.708162
0.0129696
0.273103
1.46167
0.533547
0.292253
1.14375
1.95378
1.92444
1.75136
0.959261
1.76953
1.84809
1.68346
0.533416
0.400296
0.767408
0.544693
0.911574
1.60399
0.784669
0.45584
0.552892
0.0397328
1.5479
0.606646
0.186717
1.40527
1.59728
1.01013
0.170151
0.269796
0.496768
0.419251
0.605181
1.57665
1.77038
0.331787
0.901834
0.332615
1.22502
1.39329
0.835856
0.634963
1.01494
0.825517
1.38552
0.57103
1.87733
1.6634
0.941476
0.312462
1.33554
0.548344
1.50796
0.438957
1.43929
1.48208
1.97492
0.29646
0.110986
0.460728
0.117399
1.99322
0.278419
0.32057
0.571933
1.20185
1.11345
0.919958
1.54647
0.479954
0.459068
1.25238
1.72268
0.490139
1.93168
0.568904
1.63863
0.955647
1.59878
0.0773749
0.186915
0.807465
0.522603
1.9816
1.38197
1.799
0.748052
1.03986
1.71504
0.646169
0.474013
1.21298
1.25579
0.869028
1.25185
1.13108
1.71841
0.371812
0.184578
1.27526
0.735995
1.652
0.224204
0.579375
0.759802
0.0603919
1.07587
0.404977
0.679724
0.660257
0.372361
0.665596
0.977397
0.621228
0.859499
0.60629
0.749826
1.68358
0.488373
1.1075
1.77008
0.109696
0.175638
0.0870558
0.207202
1.47422
1.63355
1.71398
0.259134
1.95592
1.74038
0.0341752
0.511531
0.756797
0.584819
0.776928
0.390261
0.525117
0.70736
0.826597
1.66731
1.19431
1.88976
0.310546
0.0375042
1.37019
1.15698
1.0888
1.09488
1.43802
1.40637
0.291101
0.819742
0.553942
1.19586
0.363395
0.959622
0.286593
0.425255
0.604912
0.0263117
0.169058
1.50053
0.114747
0.516935
0.799576
0.701054
0.143371
1.35694
1.26626
1.16718
1.30109
0.938048
1.42191
1.61134
0.410658
0.638781
1.71707
1.55865
0.945791
1.22082
1.33979
1.32121
1.45676
1.47501
0.884838
0.466633
1.99233
1.23042
1.13419
1.93173
1.62293
0.0590396
0.837914
0.637035
0.373258
0.352125
1.69503
0.773561
1.07092
0.343646
1.81883
0.754896
1.53539
1.74148
0.424208
1.77508
1.72242
0.066074
1.81256
1.4774
1.00628
0.135748
0.34554
1.77956
1.72013
0.292595
1.63637
0.400205
1.44582
0.268595
0.091578
1.33272
0.503166
1.2746
1.01738
1.5898
1.95919
1.68024
0.784071
1.23908
0.00347085
0.629253
0.822768
1.3107
1.2007
0.944311
1.91953
1.76051
0.45718
0.822072
1.09339
0.933709
0.555309
1.40685
0.0476369
1.80444
1.14515
0.208967
0.596506
0.236959
1.33438
1.0607
1.82703
0.554206
0.220423
0.795513
1.3084
0.767727
0.948492
0.195398
0.506854
1.65627
1.48097
0.00555483
0.264379
0.275061
1.32944
0.893227
1.515
0.319981
1.52279
0.518906
1.67753
1.14844
0.0974759
1.68982
1.26249
0.852669
1.01915
0.955104
0.417656
1.83856
0.9019
0.434918
1.14727
0.409694
1.17642
1.0527
0.627652
1.0713
1.03596
0.811435
1.05389
1.11174
0.263015
1.10785
1.12733
1.17119
0.880281
1.72628
1.97079
1.32916
0.308898
1.0293
0.591222
0.683377
0.249308
0.9035
0.265313
1.33706
0.327439
0.857976
0.195641
1.29564
0.23867
0.34294
0.747323
1.37707
1.53221
0.301174
0.487271
1.78882
1.2647
1.45311
0.508172
1.47106
1.35421
1.96554
1.42551
0.706366
1.77995
1.92252
0.337418
0.220198
0.120388
1.06498
1.22743
0.28296
0.501203
1.0424
0.456339
0.0462704
0.574282
0.509818
1.51861
0.856634
1.79504
1.53911
1.10615
1.48871
0.308082
1.22515
0.275753
0.335487
0.725452
0.148027
1.03923
1.64783
0.0700235
1.48676
0.341167
1.65388
0.055541
0.46323
0.757405
1.49656
1.96026
1.27765
1.25684
0.920111
0.445534
0.573418
0.24492
1.64919
0.822912
0.7274
0.580449
0.330988
0.0897208
1.99154
1.55692
0.367344
1.49864
0.0973249
0.535813
0.272148
0.244222
1.3009
0.0642242
0.398772
0.0139097
1.74201
1.24198
0.201584
1.73248
0.840644
0.00441978
1.92152
0.371521
0.841191
1.3467
0.931667
0.330733
1.39325
1.82586
0.018648
1.62672
1.37769
0.73703
1.79221
0.122231
1.41665
0.838761
0.993106
0.647035
1.13354
0.169131
1.20984
0.0623585
1.84372
1.31124
0.638645
0.457273
1.43918
0.956527
1.49399
0.469624
0.000519691
1.79746
0.41959
1.01944
1.2335
1.96236
0.430188
0.778905
1.83438
1.20486
1.37893
0.91633
1.07884
0.318018
1.40651
1.06455
0.202817
1.69679
0.269567
1.24299
0.616324
0.299384
0.396576
0.203767
0.678855
1.34216
1.73145
1.16532
1.19306
0.920165
1.72417
1.15849
0.550547
0.537344
0.876019
0.0327084
0.724368
1.6073
0.131266
1.12571
0.846638
1.27458
0.729123
1.06675
0.636997
1.78567
0.625424
0.0241771
1.0706
0.691493
0.223076
0.789137
1.57612
0.613364
1.84473
0.691118
1.35069
0.314246
1.24385
0.42458
0.0631153
0.2541
0.183719
1.96122
1.79943
0.512299
1.949
1.09276
0.22975
1.13143
0.317298
0.286611
0.0976602
1.07403
0.385295
0.243454
0.668004
0.365028
1.11499
1.69903
1.2075
1.73454
1.78215
0.577707
1.88625
0.827558
0.838614
0.915945
0.128883
1.55047
1.01765
1.72127
0.246741
0.902703
1.64818
1.98401
1.31544
0.463649
0.9814
1.73124
0.447229
1.03992
0.253255
1.14751
0.0933968
1.27637
0.44721
0.532547
0.81019
1.93333
0.2823
0.826432
0.485703
0.23557
1.03732
0.694158
1.64922
1.06185
0.685954
1.48094
0.310384
0.422538
1.57297
0.264653
1.53868
1.26165
0.0917452
0.825448
0.139574
0.555284
0.305742
1.1823
1.91689
0.0704362
1.18582
0.16816
1.56556
1.00948
1.12521
1.65413
1.67062
0.699441
1.52889
1.86375
0.360233
1.70452
1.04867
1.7496
1.09103
1.78017
1.49703
0.0126676
1.46823
1.54892
0.713813
1.07348
0.552981
0.332876
0.443599
0.899331
0.939604
1.60629
0.683217
1.9252
0.737561
0.493763
0.0497274
1.67737
0.152121
0.665681
1.63809
1.41137
1.91301
0.59719
0.696205
0.143903
0.450175
0.566826
0.108711
0.694489
0.826118
1.13701
1.033
0.244012
1.7429
1.0601
1.64862
0.624226
0.0475168
0.161753
1.23997
1.29201
0.695923
1.84383
0.319253
0.230558
1.15094
0.513958
0.570612
0.809312
1.9532
0.565185
1.14483
0.956386
0.293476
1.2699
0.177347
1.90746
1.09555
1.09339
0.77607
1.02583
0.325034
0.0786797
0.906481
0.447643
1.53706
0.772335
1.59689
1.33399
0.437924
1.08004
1.47651
1.74726
1.61453
1.89619
1.07092
1.88518
1.73693
1.68987
1.2414
0.377758
0.456108
0.275835
0.94539
1.30301
0.49796
1.39465
1.75412
0.482342
1.67449
1.12553
0.0227378
1.60357
0.967342
0.78733
1.60496
0.363182
0.369181
1.70265
0.32645
1.39346
0.921295
1.95373
1.10807
1.48449
1.91225
0.956384
0.518531
1.9284
0.132709
0.853266
1.75357
0.859434
1.15711
0.00682377
0.403474
0.196956
0.0773253
0.0618928
0.0113049
1.91048
0.860217
0.300006
1.88568
0.0482909
1.32931
0.0607604
0.439354
0.931203
1.83133
1.64956
1.86227
1.0203
1.36806
0.923189
1.89617
1.45485
0.910478
0.0458174
0.353948
1.79139
1.73993
0.28468
1.84812
1.0702
1.02982
1.09245
0.467307
1.45035
1.37123
0.739857
1.80719
0.31061
1.6422
0.148926
1.61396
0.311894
1.54584
1.56569
1.81217
0.945887
1.92922
1.87825
1.62309
1.41978
1.21828
0.114401
1.77773
0.677057
1.76161
0.0159258
1.82147
0.0968311
1.95639
0.182781
0.247503
0.228811
1.12505
1.30609
0.102549
0.199458
1.75897
1.84018
1.75407
0.633691
0.388789
1.52553
0.386162
1.71206
1.3511
0.693409
1.73097
0.963461
1.32487
1.95577
1.04202
0.828073
0.0174857
0.346513
1.02973
1.66902
1.9452
1.48631
1.17284
0.0624241
1.76409
0.805647
1.64275
1.92598
0.819639
1.18974
0.923806
0.715652
1.73538
1.26236
1.96118
0.695886
1.14019
0.0798434
0.919106
1.5919
1.08154
1.69203
0.360949
1.65907
0.665685
0.759709
1.58243
1.30484
1.68898
1.15644
1.93389
0.285003
1.16002
0.00431418
1.09147
0.446947
1.64559
1.1562
1.8808
1.37496
0.915411
1.18637
1.50798
0.716792
0.140223
0.476559
0.95652
0.102344
1.79344
1.02412
0.217976
0.103645
0.32801
1.57862
0.665266
0.783053
0.690212
1.2527
0.126008
1.10715
0.343786
1.68469
0.416921
0.990975
0.238045
1.67084
1.44704
0.888314
0.0219585
0.365064
0.774528
1.02144
0.465894
1.86526
1.43295
1.20242
0.382228
0.366301
0.384312
1.60573
1.94232
1.11015
1.96
1.49584
1.04516
1.25146
0.206746
1.84434
0.438783
0.174649
0.558507
1.83536
0.753313
1.33032
1.42812
1.02619
0.626225
0.764074
0.267946
1.20638
0.363086
1.85481
1.67458
0.775329
0.0653954
0.0865344
0.807145
1.6383
0.0848013
0.0918719
1.43658
1.26704
0.742882
0.743919
1.28741
0.543703
1.37929
0.896388
0.677054
1.79485
0.463549
0.146149
0.548277
0.239339
1.31227
1.78201
0.988443
1.83457
1.30922
1.72973
0.439609
1.71
0.298382
0.60943
0.25027
1.34771
0.268802
0.776246
1.23772
0.610813
1.35699
1.11362
0.217794
0.89493
1.93111
1.46163
1.28164
0.906805
0.556778
0.724747
0.169246
1.44493
1.85286
0.750067
1.20534
0.657312
1.74757
0.91021
1.42778
1.19769
0.396801
1.61905
0.821166
1.92408
1.04993
1.938
0.700613
0.797943
1.8312
1.82725
1.05919
1.07229
1.61406
0.479425
1.70681
0.760674
0.90801
0.89996
0.83827
0.967986
1.193
0.712731
1.30514
0.514192
0.742554
0.873796
1.80362
0.975798
0.481742
1.34361
1.0458
1.82649
1.58649
0.306144
1.24619
1.57701
0.635564
1.85954
0.132064
1.53863
0.330541
0.128342
1.07914
0.0578312
1.43062
1.28138
1.51532
1.48036
0.220256
0.350555
0.952534
0.382075
1.39205
1.76677
1.37344
1.63188
0.381275
1.81157
0.115391
1.42328
0.345667
1.28386
1.68342
1.05419
1.26898
0.924438
1.22595
1.99491
1.02164
0.571546
1.76734
0.627143
1.48352
0.392235
0.263406
1.76134
0.873022
1.47788
1.92202
1.8878
1.62137
0.860134
1.40674
1.38081
0.131731
0.0979838
0.732391
1.41944
0.230067
1.56972
1.48622
0.169148
1.09881
1.55525
1.19631
0.616762
1.53898
0.987043
0.538878
0.681229
0.244812
1.13136
1.21369
1.61482
1.90507
1.65532
0.557008
0.910541
1.74946
1.57364
0.942624
1.51736
1.52954
0.867904
0.376638
1.00506
0.310322
0.762797
0.877585
0.537189
1.71165
1.44887
0.78018
0.112358
1.98417
1.70627
0.530887
0.0342449
1.0824
1.09338
1.21206
1.47227
1.41873
1.68161
0.754058
0.691321
0.831367
1.66409
0.301485
1.82031
1.56268
0.725697
0.19918
1.002
0.58553
1.34318
1.87984
0.835561
1.17683
1.52922
0.941686
1.13141
1.79661
1.44908
1.61951
1.26075
1.94291
0.850019
1.56707
1.11423
1.80944
1.36212
1.77929
1.93657
1.83106
1.98358
0.845776
0.684402
0.477816
1.02894
1.77718
1.47802
0.916482
0.922645
1.03498
1.18284
1.52193
0.898176
1.12416
0.727116
1.81029
1.26763
1.01298
1.45936
0.659221
0.281631
1.72755
1.58549
1.10686
0.364481
1.98401
1.76656
1.32677
0.486118
1.55421
1.15315
1.85522
1.01077
0.752003
1.03615
0.500804
0.468411
1.54067
1.65748
0.581204
1.69968
1.69397
0.718908
1.24263
1.26167
1.0467
0.205251
0.0884478
0.568411
0.651755
1.08017
0.892542
0.907875
1.19256
1.14537
1.36001
0.467613
0.921972
1.7224
1.92479
0.324907
0.170247
1.28877
0.0934708
1.70207
1.02027
1.02795
0.156137
0.809351
1.69818
0.769629
0.293737
0.869283
1.97377
1.56437
0.232468
1.94643
1.04
1.00349
0.0586127
0.826808
1.64426
1.10186
0.300657
1.94479
1.10425
1.6772
0.896923
0.901566
1.00032
1.10954
0.61869
0.246927
0.0921872
1.71811
1.03769
0.252745
0.674416
1.40282
1.62176
1.49717
0.774013
1.90806
0.766837
1.27665
1.05994
1.84394
0.245174
0.422343
0.809325
1.33279
1.21626
1.55499
0.776401
1.3916
1.34904
0.668519
1.26749
0.0544456
0.276828
1.53019
0.35738
1.17177
0.833385
0.698373
1.84877
1.69922
1.72654
1.48632
0.439937
1.3359
0.633586
1.98671
0.538837
0.967781
1.76677
1.27119
0.699514
0.176574
1.54281
1.40082
0.125116
1.8131
1.3944
1.47189
0.852828
1.06362
1.66755
0.717717
0.939865
1.10759
1.40096
0.752542
1.92074
0.138161
0.123946
1.576
1.75481
1.04128
1.32064
0.906617
0.169572
1.89004
0.30684
0.528729
0.832526
1.59244
0.937016
0.897749
0.0157202
0.574716
1.07759
1.09521
0.810501
1.72828
0.464752
1.20022
1.00166
1.36218
1.08543
0.169082
0.637267
1.66416
0.141701
0.847443
0.431386
1.62875
0.354793
1.62282
1.21146
1.20066
1.01794
0.0800254
0.0741993
1.39566
1.78206
1.96847
0.987734
0.0513134
0.850518
0.802188
0.0745471
0.858009
1.63561
1.52453
1.90075
0.643263
1.025
0.406714
0.747937
1.26944
1.34659
0.611598
1.92676
1.03283
0.241553
0.476311
0.0556631
1.55217
0.828187
0.107663
0.842376
0.403571
1.50043
0.527461
1.43347
1.4719
1.07967
0.20719
0.254228
1.6256
0.773586
0.187911
1.35094
1.60102
1.90631
